           * e:\esim\hackathon_charge_pump\hackathon_charge_pump.cir
           Transient Analysis  Sat Nov 02 01:25:41  2024
--------------------------------------------------------------------------------
Index   time                            m.xm1.msky130_f m.xm1.msky130_f 
--------------------------------------------------------------------------------
0	0.000000e+000	0.000000e+000	9.729121e-011	1.738956e-010	
1	1.000000e-007	0.000000e+000	9.729121e-011	1.738956e-010	
2	2.000000e-007	0.000000e+000	9.729121e-011	1.738956e-010	
3	4.000000e-007	0.000000e+000	9.729121e-011	1.738956e-010	
4	8.000000e-007	0.000000e+000	9.729121e-011	1.738956e-010	
5	1.600000e-006	0.000000e+000	9.729121e-011	1.738956e-010	
6	3.200000e-006	0.000000e+000	9.729121e-011	1.738956e-010	
7	6.400000e-006	0.000000e+000	9.729121e-011	1.738956e-010	
8	1.280000e-005	0.000000e+000	9.729121e-011	1.738956e-010	
9	2.560000e-005	0.000000e+000	9.729121e-011	1.738956e-010	
10	4.560000e-005	0.000000e+000	9.729121e-011	1.738956e-010	
11	6.560000e-005	0.000000e+000	9.729121e-011	1.738956e-010	
12	8.560000e-005	0.000000e+000	9.729121e-011	1.738956e-010	
13	1.056000e-004	0.000000e+000	9.729121e-011	1.738956e-010	
14	1.256000e-004	0.000000e+000	9.729121e-011	1.738956e-010	
15	1.456000e-004	0.000000e+000	9.729121e-011	1.738956e-010	
16	1.656000e-004	0.000000e+000	9.729121e-011	1.738956e-010	
17	1.856000e-004	0.000000e+000	9.729121e-011	1.738956e-010	
18	2.056000e-004	0.000000e+000	9.729121e-011	1.738956e-010	
19	2.256000e-004	0.000000e+000	9.729121e-011	1.738956e-010	
20	2.456000e-004	0.000000e+000	9.729121e-011	1.738956e-010	
21	2.656000e-004	0.000000e+000	9.729121e-011	1.738956e-010	
22	2.856000e-004	0.000000e+000	9.729121e-011	1.738956e-010	
23	3.056000e-004	0.000000e+000	9.729121e-011	1.738956e-010	
24	3.256000e-004	0.000000e+000	9.729121e-011	1.738956e-010	
25	3.456000e-004	0.000000e+000	9.729121e-011	1.738956e-010	
26	3.656000e-004	0.000000e+000	9.729121e-011	1.738956e-010	
27	3.856000e-004	0.000000e+000	9.729121e-011	1.738956e-010	
28	4.056000e-004	0.000000e+000	9.729121e-011	1.738956e-010	
29	4.256000e-004	0.000000e+000	9.729121e-011	1.738956e-010	
30	4.456000e-004	0.000000e+000	9.729121e-011	1.738956e-010	
31	4.656000e-004	0.000000e+000	9.729121e-011	1.738956e-010	
32	4.856000e-004	0.000000e+000	9.729121e-011	1.738956e-010	
33	5.000000e-004	0.000000e+000	9.729121e-011	1.738956e-010	
34	5.000000e-004	0.000000e+000	-1.59122e-004	-7.95563e-005	
35	5.000000e-004	0.000000e+000	-1.79658e-004	-8.98331e-005	
36	5.000001e-004	0.000000e+000	-2.28688e-004	-1.14339e-004	
37	5.000001e-004	0.000000e+000	-3.43028e-004	-1.71516e-004	
38	5.000001e-004	0.000000e+000	-4.70337e-006	-2.36696e-006	
39	5.000001e-004	0.000000e+000	-1.94593e-007	-8.19751e-008	
40	5.000001e-004	0.000000e+000	-4.73052e-007	-2.51589e-007	
41	5.000002e-004	0.000000e+000	5.344941e-007	2.825483e-007	
42	5.000003e-004	0.000000e+000	-5.51629e-007	-2.90858e-007	
43	5.000005e-004	0.000000e+000	5.580569e-007	2.943188e-007	
44	5.000008e-004	0.000000e+000	-5.60482e-007	-2.95279e-007	
45	5.000016e-004	0.000000e+000	5.618988e-007	2.962370e-007	
46	5.000031e-004	0.000000e+000	-5.62286e-007	-2.96180e-007	
47	5.000060e-004	0.000000e+000	5.627680e-007	2.966709e-007	
48	5.000119e-004	0.000000e+000	-5.62714e-007	-2.96393e-007	
49	5.000238e-004	0.000000e+000	5.629800e-007	2.967768e-007	
50	5.000475e-004	0.000000e+000	-5.62820e-007	-2.96446e-007	
51	5.000949e-004	0.000000e+000	5.630326e-007	2.968031e-007	
52	5.001896e-004	0.000000e+000	-5.62846e-007	-2.96459e-007	
53	5.003791e-004	0.000000e+000	5.630458e-007	2.968096e-007	
54	5.007581e-004	0.000000e+000	-5.62853e-007	-2.96463e-007	

Index   time                            m.xm1.msky130_f m.xm1.msky130_f 
--------------------------------------------------------------------------------
55	5.015161e-004	0.000000e+000	5.630491e-007	2.968113e-007	
56	5.030322e-004	0.000000e+000	-5.62854e-007	-2.96463e-007	
57	5.060643e-004	0.000000e+000	5.630499e-007	2.968117e-007	
58	5.121284e-004	0.000000e+000	-5.62855e-007	-2.96464e-007	
59	5.242567e-004	0.000000e+000	5.630501e-007	2.968118e-007	
60	5.442567e-004	0.000000e+000	-5.62855e-007	-2.96464e-007	
61	5.642567e-004	0.000000e+000	5.630502e-007	2.968118e-007	
62	5.842567e-004	0.000000e+000	-5.62855e-007	-2.96464e-007	
63	6.000001e-004	0.000000e+000	5.630502e-007	2.968118e-007	
64	6.000001e-004	0.000000e+000	3.257978e-004	1.628896e-004	
65	6.000001e-004	0.000000e+000	2.076342e-004	1.038301e-004	
66	6.000002e-004	0.000000e+000	2.027936e-004	1.013842e-004	
67	6.000002e-004	0.000000e+000	1.320128e-004	6.602063e-005	
68	6.000002e-004	0.000000e+000	-2.91595e-006	-1.45046e-006	
69	6.000002e-004	0.000000e+000	-2.56358e-006	-1.28174e-006	
70	6.000002e-004	0.000000e+000	-1.66315e-006	-8.31572e-007	
71	6.000002e-004	0.000000e+000	-5.95363e-007	-2.97550e-007	
72	6.000002e-004	0.000000e+000	-4.05943e-008	-2.02086e-008	
73	6.000002e-004	0.000000e+000	-1.57413e-008	-7.74811e-009	
74	6.000002e-004	0.000000e+000	-1.41038e-008	-6.93237e-009	
75	6.000002e-004	0.000000e+000	-1.04192e-008	-5.09154e-009	
76	6.000002e-004	0.000000e+000	-2.39984e-008	-1.18431e-008	
77	6.000002e-004	0.000000e+000	-1.85589e-008	-9.18972e-009	
78	6.000002e-004	0.000000e+000	-4.58854e-009	-2.13969e-009	
79	6.000002e-004	0.000000e+000	-5.24125e-009	-2.52454e-009	
80	6.000002e-004	0.000000e+000	-1.43105e-009	-5.61542e-010	
81	6.000002e-004	0.000000e+000	-1.26608e-009	-5.07813e-010	
82	6.000002e-004	0.000000e+000	1.453452e-009	8.514040e-010	
83	6.000002e-004	0.000000e+000	4.320274e-008	2.158126e-008	
84	6.000002e-004	0.000000e+000	3.067231e-008	1.564836e-008	
85	6.000002e-004	0.000000e+000	7.081203e-010	3.459996e-010	
86	6.000002e-004	0.000000e+000	7.745119e-009	4.124496e-009	
87	6.000002e-004	0.000000e+000	-3.30051e-009	-1.64663e-009	
88	6.000002e-004	0.000000e+000	-1.81748e-009	-6.62293e-010	
89	6.000002e-004	0.000000e+000	7.663397e-008	3.816994e-008	
90	6.000002e-004	0.000000e+000	7.099214e-008	3.590947e-008	
91	6.000002e-004	0.000000e+000	7.120832e-009	3.511111e-009	
92	6.000002e-004	0.000000e+000	-1.01160e-009	-1.99488e-010	
93	6.000002e-004	0.000000e+000	-1.07450e-008	-5.42374e-009	
94	6.000003e-004	0.000000e+000	-2.01654e-009	-7.08607e-010	
95	6.000003e-004	0.000000e+000	-1.84909e-009	-7.99215e-010	
96	6.000003e-004	0.000000e+000	2.770376e-009	1.502369e-009	
97	6.000003e-004	0.000000e+000	9.481305e-009	4.862192e-009	
98	6.000003e-004	0.000000e+000	1.356642e-008	6.894209e-009	
99	6.000003e-004	0.000000e+000	1.437499e-007	7.022393e-008	
100	6.000003e-004	0.000000e+000	1.559200e-007	7.959862e-008	
101	6.000003e-004	0.000000e+000	4.180990e-008	2.034779e-008	
102	6.000003e-004	0.000000e+000	1.072537e-007	5.284071e-008	
103	6.000003e-004	0.000000e+000	9.922452e-009	7.275863e-009	
104	6.000003e-004	0.000000e+000	-1.97775e-007	-1.99553e-008	
105	6.000003e-004	0.000000e+000	-6.11372e-007	-1.13539e-007	
106	6.000003e-004	0.000000e+000	-8.08770e-007	-3.10819e-007	
107	6.000003e-004	0.000000e+000	4.650258e-007	-4.97124e-008	
108	6.000003e-004	0.000000e+000	2.189199e-006	9.980494e-007	
109	6.000003e-004	0.000000e+000	1.001017e-006	6.586905e-007	
110	6.000003e-004	0.000000e+000	-5.20542e-007	-3.28889e-007	
111	6.000003e-004	0.000000e+000	4.746310e-007	2.787090e-007	
112	6.000003e-004	0.000000e+000	-4.06340e-007	-2.32749e-007	

Index   time                            m.xm1.msky130_f m.xm1.msky130_f 
--------------------------------------------------------------------------------
113	6.000003e-004	0.000000e+000	2.243744e-007	1.378277e-007	
114	6.000003e-004	0.000000e+000	-2.30241e-007	-1.38946e-007	
115	6.000003e-004	0.000000e+000	1.726673e-007	1.097070e-007	
116	6.000003e-004	0.000000e+000	-1.82767e-007	-1.14190e-007	
117	6.000003e-004	0.000000e+000	-4.61423e-009	-2.49752e-009	
118	6.000003e-004	0.000000e+000	4.573331e-009	2.712851e-009	
119	6.000003e-004	0.000000e+000	-1.47246e-008	-7.18114e-009	
120	6.000003e-004	0.000000e+000	-2.15658e-008	-1.06937e-008	
121	6.000003e-004	0.000000e+000	1.853939e-009	9.209202e-010	
122	6.000003e-004	0.000000e+000	-1.25031e-009	-3.54191e-010	
123	6.000003e-004	0.000000e+000	-3.58616e-008	-1.78523e-008	
124	6.000003e-004	0.000000e+000	-1.58485e-008	-7.78067e-009	
125	6.000003e-004	0.000000e+000	-5.43628e-009	-2.61853e-009	
126	6.000003e-004	0.000000e+000	-2.53176e-009	-1.11605e-009	
127	6.000003e-004	0.000000e+000	-2.13924e-009	-9.69000e-010	
128	6.000003e-004	0.000000e+000	1.163390e-009	7.312743e-010	
129	6.000003e-004	0.000000e+000	-8.33945e-010	-3.15959e-010	
130	6.000003e-004	0.000000e+000	5.626564e-010	4.064506e-010	
131	6.000003e-004	0.000000e+000	-1.24562e-010	6.315700e-011	
132	6.000003e-004	0.000000e+000	-3.04347e-010	-2.71036e-011	
133	6.000003e-004	0.000000e+000	2.278509e-010	2.393440e-010	
134	6.000004e-004	0.000000e+000	5.917756e-011	1.546721e-010	
135	6.000005e-004	0.000000e+000	1.107602e-010	1.807964e-010	
136	6.000007e-004	0.000000e+000	8.907892e-011	1.696232e-010	
137	6.000011e-004	0.000000e+000	1.032432e-010	1.770379e-010	
138	6.000020e-004	0.000000e+000	9.254318e-011	1.713553e-010	
139	6.000036e-004	0.000000e+000	1.015415e-010	1.761870e-010	
140	6.000070e-004	0.000000e+000	9.336670e-011	1.717671e-010	
141	6.000137e-004	0.000000e+000	1.011468e-010	1.759896e-010	
142	6.000271e-004	0.000000e+000	9.356817e-011	1.718678e-010	
143	6.000540e-004	0.000000e+000	1.010451e-010	1.759388e-010	
144	6.001077e-004	0.000000e+000	9.361919e-011	1.718933e-010	
145	6.002150e-004	0.000000e+000	1.010197e-010	1.759261e-010	
146	6.004298e-004	0.000000e+000	9.363188e-011	1.718997e-010	
147	6.008593e-004	0.000000e+000	1.010134e-010	1.759229e-010	
148	6.017183e-004	0.000000e+000	9.363506e-011	1.719013e-010	
149	6.034363e-004	0.000000e+000	1.010118e-010	1.759221e-010	
150	6.068722e-004	0.000000e+000	9.363585e-011	1.719017e-010	
151	6.137442e-004	0.000000e+000	1.010114e-010	1.759219e-010	
152	6.274881e-004	0.000000e+000	9.363605e-011	1.719018e-010	
153	6.474881e-004	0.000000e+000	1.010113e-010	1.759219e-010	
154	6.674881e-004	0.000000e+000	9.363614e-011	1.719018e-010	
155	6.874881e-004	0.000000e+000	1.010112e-010	1.759218e-010	
156	7.074881e-004	0.000000e+000	9.363623e-011	1.719019e-010	
157	7.274881e-004	0.000000e+000	1.010111e-010	1.759218e-010	
158	7.474881e-004	0.000000e+000	9.363632e-011	1.719019e-010	
159	7.674881e-004	0.000000e+000	1.010110e-010	1.759218e-010	
160	7.874881e-004	0.000000e+000	9.363641e-011	1.719020e-010	
161	8.074881e-004	0.000000e+000	1.010109e-010	1.759217e-010	
162	8.274881e-004	0.000000e+000	9.363650e-011	1.719020e-010	
163	8.474881e-004	0.000000e+000	1.010108e-010	1.759217e-010	
164	8.674881e-004	0.000000e+000	9.363659e-011	1.719020e-010	
165	8.874881e-004	0.000000e+000	1.010107e-010	1.759216e-010	
166	9.074881e-004	0.000000e+000	9.363668e-011	1.719021e-010	
167	9.274881e-004	0.000000e+000	1.010106e-010	1.759216e-010	
168	9.474881e-004	0.000000e+000	9.363678e-011	1.719021e-010	
169	9.674881e-004	0.000000e+000	1.010106e-010	1.759215e-010	
170	9.874881e-004	0.000000e+000	9.363687e-011	1.719022e-010	

Index   time                            m.xm1.msky130_f m.xm1.msky130_f 
--------------------------------------------------------------------------------
171	1.000000e-003	0.000000e+000	1.010104e-010	1.759215e-010	

           * e:\esim\hackathon_charge_pump\hackathon_charge_pump.cir
           Transient Analysis  Sat Nov 02 01:25:41  2024
--------------------------------------------------------------------------------
Index   time            m.xm1.msky130_f m.xm2.msky130_f m.xm2.msky130_f 
--------------------------------------------------------------------------------
0	0.000000e+000	1.167339e-010	3.409754e-011	8.513705e-011	
1	1.000000e-007	1.167339e-010	3.409754e-011	8.513705e-011	
2	2.000000e-007	1.167339e-010	3.409755e-011	8.513705e-011	
3	4.000000e-007	1.167339e-010	3.409754e-011	8.513705e-011	
4	8.000000e-007	1.167339e-010	3.409755e-011	8.513705e-011	
5	1.600000e-006	1.167339e-010	3.409754e-011	8.513705e-011	
6	3.200000e-006	1.167339e-010	3.409754e-011	8.513705e-011	
7	6.400000e-006	1.167339e-010	3.409754e-011	8.513705e-011	
8	1.280000e-005	1.167339e-010	3.409754e-011	8.513705e-011	
9	2.560000e-005	1.167339e-010	3.409754e-011	8.513705e-011	
10	4.560000e-005	1.167339e-010	3.409754e-011	8.513705e-011	
11	6.560000e-005	1.167339e-010	3.409754e-011	8.513705e-011	
12	8.560000e-005	1.167339e-010	3.409754e-011	8.513705e-011	
13	1.056000e-004	1.167339e-010	3.409754e-011	8.513705e-011	
14	1.256000e-004	1.167339e-010	3.409754e-011	8.513705e-011	
15	1.456000e-004	1.167339e-010	3.409754e-011	8.513705e-011	
16	1.656000e-004	1.167339e-010	3.409754e-011	8.513705e-011	
17	1.856000e-004	1.167339e-010	3.409754e-011	8.513705e-011	
18	2.056000e-004	1.167339e-010	3.409754e-011	8.513705e-011	
19	2.256000e-004	1.167339e-010	3.409754e-011	8.513705e-011	
20	2.456000e-004	1.167339e-010	3.409754e-011	8.513705e-011	
21	2.656000e-004	1.167339e-010	3.409754e-011	8.513705e-011	
22	2.856000e-004	1.167339e-010	3.409754e-011	8.513705e-011	
23	3.056000e-004	1.167339e-010	3.409754e-011	8.513705e-011	
24	3.256000e-004	1.167339e-010	3.409754e-011	8.513705e-011	
25	3.456000e-004	1.167339e-010	3.409754e-011	8.513705e-011	
26	3.656000e-004	1.167339e-010	3.409754e-011	8.513705e-011	
27	3.856000e-004	1.167339e-010	3.409754e-011	8.513705e-011	
28	4.056000e-004	1.167339e-010	3.409754e-011	8.513705e-011	
29	4.256000e-004	1.167339e-010	3.409754e-011	8.513705e-011	
30	4.456000e-004	1.167339e-010	3.409754e-011	8.513705e-011	
31	4.656000e-004	1.167339e-010	3.409754e-011	8.513705e-011	
32	4.856000e-004	1.167339e-010	3.409754e-011	8.513705e-011	
33	5.000000e-004	1.167339e-010	3.409754e-011	8.513705e-011	
34	5.000000e-004	-8.43361e-005	3.044015e-004	1.474057e-004	
35	5.000000e-004	-7.99651e-005	1.043215e-004	6.205272e-005	
36	5.000001e-004	-1.21841e-004	2.737483e-004	1.293444e-004	
37	5.000001e-004	-1.54577e-004	1.129318e-004	7.343703e-005	
38	5.000001e-004	-1.05888e-005	-2.87605e-006	-9.64617e-006	
39	5.000001e-004	-1.66656e-006	-3.08985e-007	-1.75264e-006	
40	5.000001e-004	-6.88020e-009	7.820333e-007	6.494938e-007	
41	5.000002e-004	1.614535e-007	3.456248e-007	3.821337e-008	
42	5.000003e-004	-2.05161e-007	7.102157e-007	4.545525e-007	
43	5.000005e-004	2.212838e-007	3.669612e-007	9.695179e-008	
44	5.000008e-004	-2.27748e-007	7.017836e-007	4.321659e-007	
45	5.000016e-004	2.311130e-007	3.707440e-007	1.067568e-007	
46	5.000031e-004	-2.32368e-007	7.001732e-007	4.276394e-007	
47	5.000060e-004	2.333420e-007	3.715840e-007	1.089724e-007	
48	5.000119e-004	-2.33467e-007	6.997849e-007	4.265598e-007	
49	5.000238e-004	2.338859e-007	3.717864e-007	1.095119e-007	
50	5.000475e-004	-2.33738e-007	6.996851e-007	4.262912e-007	
51	5.000949e-004	2.340210e-007	3.718294e-007	1.096423e-007	
52	5.001896e-004	-2.33806e-007	6.996457e-007	4.262170e-007	
53	5.003791e-004	2.340548e-007	3.718107e-007	1.096601e-007	
54	5.007581e-004	-2.33823e-007	6.995775e-007	4.261693e-007	

Index   time            m.xm1.msky130_f m.xm2.msky130_f m.xm2.msky130_f 
--------------------------------------------------------------------------------
55	5.015161e-004	2.340632e-007	3.716887e-007	1.096059e-007	
56	5.030322e-004	-2.33827e-007	6.993273e-007	4.260408e-007	
57	5.060643e-004	2.340653e-007	3.711888e-007	1.093577e-007	
58	5.121284e-004	-2.33828e-007	6.983331e-007	4.255428e-007	
59	5.242567e-004	2.340658e-007	3.691904e-007	1.083589e-007	
60	5.442567e-004	-2.33829e-007	6.948634e-007	4.238077e-007	
61	5.642567e-004	2.340660e-007	3.648874e-007	1.062075e-007	
62	5.842567e-004	-2.33829e-007	6.905781e-007	4.216649e-007	
63	6.000001e-004	2.340662e-007	3.610168e-007	1.042724e-007	
64	6.000001e-004	1.528564e-004	-1.92863e-004	-1.06452e-004	
65	6.000001e-004	1.129474e-004	-1.80548e-004	-8.11718e-005	
66	6.000002e-004	9.396306e-005	-1.83911e-004	-9.93616e-005	
67	6.000002e-004	7.733408e-005	-2.84884e-004	-1.31141e-004	
68	6.000002e-004	-5.65602e-006	-2.73817e-006	-5.60041e-006	
69	6.000002e-004	-4.68609e-006	-1.70586e-006	-4.25746e-006	
70	6.000002e-004	-2.93697e-006	-1.04560e-006	-2.62788e-006	
71	6.000002e-004	-1.06798e-006	-3.90273e-007	-9.65684e-007	
72	6.000002e-004	-4.49852e-008	-6.72474e-009	-2.77869e-008	
73	6.000002e-004	-2.74257e-008	-9.72829e-009	-2.44146e-008	
74	6.000002e-004	-2.45168e-008	-8.82911e-009	-2.18756e-008	
75	6.000002e-004	-1.80690e-008	-6.59663e-009	-1.61541e-008	
76	6.000002e-004	-4.24554e-008	-1.44357e-008	-3.76925e-008	
77	6.000002e-004	-3.17057e-008	-1.20004e-008	-2.84043e-008	
78	6.000002e-004	-8.60925e-009	-2.49003e-009	-7.57923e-009	
79	6.000002e-004	-8.62399e-009	-3.63756e-009	-7.80276e-009	
80	6.000002e-004	-3.09691e-009	-5.54084e-010	-2.67768e-009	
81	6.000002e-004	-2.25778e-009	-8.07079e-010	-2.02816e-009	
82	6.000002e-004	2.489855e-009	8.617034e-010	2.194197e-009	
83	6.000002e-004	7.798932e-008	2.476093e-008	6.885973e-008	
84	6.000002e-004	4.978308e-008	2.100626e-008	4.481572e-008	
85	6.000002e-004	3.760924e-009	-6.18218e-010	3.209272e-009	
86	6.000002e-004	1.098234e-008	5.636911e-009	9.818301e-009	
87	6.000002e-004	-3.44022e-009	-2.83560e-009	-3.09977e-009	
88	6.000002e-004	-5.57389e-009	-4.02795e-010	-4.97470e-009	
89	6.000002e-004	1.386693e-007	4.383259e-008	1.224425e-007	
90	6.000002e-004	1.180712e-007	4.686014e-008	1.057904e-007	
91	6.000002e-004	1.575119e-008	3.418369e-009	1.405995e-008	
92	6.000002e-004	-5.34244e-009	3.512019e-010	-4.82674e-009	
93	6.000002e-004	-1.53305e-008	-7.58169e-009	-1.35848e-008	
94	6.000003e-004	-6.96907e-009	-4.14475e-010	-6.33142e-009	
95	6.000003e-004	-3.27447e-009	-1.15705e-009	-2.92807e-009	
96	6.000003e-004	4.927662e-009	1.572957e-009	4.333812e-009	
97	6.000003e-004	1.653485e-008	5.774348e-009	1.468301e-008	
98	6.000003e-004	2.385371e-008	8.171428e-009	2.116486e-008	
99	6.000003e-004	2.846793e-007	7.114927e-008	2.497136e-007	
100	6.000003e-004	2.416009e-007	9.985628e-008	2.120121e-007	
101	6.000003e-004	8.712035e-008	3.328929e-008	8.387237e-008	
102	6.000003e-004	2.042796e-007	6.027044e-008	1.815918e-007	
103	6.000003e-004	-2.53203e-008	2.114930e-008	-2.16024e-008	
104	6.000003e-004	-2.51227e-006	-6.35307e-010	-2.49054e-006	
105	6.000003e-004	-5.86705e-006	-7.19418e-008	-5.78364e-006	
106	6.000003e-004	-2.45744e-006	-2.01177e-007	-2.24423e-006	
107	6.000003e-004	7.403190e-006	2.897998e-009	7.445250e-006	
108	6.000003e-004	4.427884e-006	6.675623e-007	3.768172e-006	
109	6.000003e-004	-5.95478e-007	5.948081e-007	-9.74524e-007	
110	6.000003e-004	-5.57067e-008	4.201389e-010	2.847890e-007	
111	6.000003e-004	4.397835e-007	1.195058e-007	2.195812e-007	
112	6.000003e-004	-5.19416e-007	-9.04950e-008	-3.32425e-007	

Index   time            m.xm1.msky130_f m.xm2.msky130_f m.xm2.msky130_f 
--------------------------------------------------------------------------------
113	6.000003e-004	2.727033e-007	-2.60185e-009	1.355485e-007	
114	6.000003e-004	-3.08412e-007	-1.44013e-008	-1.79046e-007	
115	6.000003e-004	2.192341e-007	-1.47221e-008	1.051079e-007	
116	6.000003e-004	-2.41898e-007	4.928004e-009	-1.28094e-007	
117	6.000003e-004	-3.13044e-009	2.799598e-010	-2.21341e-010	
118	6.000003e-004	3.217758e-009	-1.82921e-010	4.014770e-010	
119	6.000003e-004	-2.67594e-008	-8.71304e-009	-2.38017e-008	
120	6.000003e-004	-3.69441e-008	-1.34468e-008	-3.28461e-008	
121	6.000003e-004	5.692917e-009	-5.46904e-010	4.579346e-009	
122	6.000003e-004	-5.04665e-009	4.601005e-010	-4.30914e-009	
123	6.000003e-004	-6.15930e-008	-2.18724e-008	-5.45334e-008	
124	6.000003e-004	-2.80535e-008	-1.05569e-008	-2.54541e-008	
125	6.000003e-004	-8.99134e-009	-2.82130e-009	-7.63482e-009	
126	6.000003e-004	-4.97462e-009	-2.16114e-009	-4.83707e-009	
127	6.000003e-004	-3.26666e-009	-7.91544e-010	-2.54535e-009	
128	6.000003e-004	1.466767e-009	1.349950e-010	9.054495e-010	
129	6.000003e-004	-1.00033e-009	1.581070e-011	-5.28472e-010	
130	6.000003e-004	9.296648e-010	3.222446e-010	8.096131e-010	
131	6.000003e-004	-2.73394e-010	-1.02533e-010	-2.62567e-010	
132	6.000003e-004	-5.79586e-010	-2.15114e-010	-5.34786e-010	
133	6.000003e-004	3.408658e-010	1.152597e-010	2.843930e-010	
134	6.000004e-004	5.337905e-011	1.006428e-011	2.899856e-011	
135	6.000005e-004	1.369443e-010	4.276352e-011	1.027700e-010	
136	6.000007e-004	1.054575e-010	2.857424e-011	7.538112e-011	
137	6.000011e-004	1.238537e-010	3.811117e-011	9.111174e-011	
138	6.000020e-004	1.114916e-010	3.071869e-011	8.075531e-011	
139	6.000036e-004	1.208897e-010	3.705791e-011	8.847199e-011	
140	6.000070e-004	1.129260e-010	3.122842e-011	8.203283e-011	
141	6.000137e-004	1.202022e-010	3.681360e-011	8.785970e-011	
142	6.000271e-004	1.132770e-010	3.135312e-011	8.234538e-011	
143	6.000540e-004	1.200252e-010	3.675069e-011	8.770203e-011	
144	6.001077e-004	1.133658e-010	3.138470e-011	8.242452e-011	
145	6.002150e-004	1.199809e-010	3.673496e-011	8.766260e-011	
146	6.004298e-004	1.133879e-010	3.139256e-011	8.244421e-011	
147	6.008593e-004	1.199699e-010	3.673103e-011	8.765275e-011	
148	6.017183e-004	1.133935e-010	3.139452e-011	8.244913e-011	
149	6.034363e-004	1.199671e-010	3.673005e-011	8.765029e-011	
150	6.068722e-004	1.133948e-010	3.139501e-011	8.245036e-011	
151	6.137442e-004	1.199664e-010	3.672981e-011	8.764968e-011	
152	6.274881e-004	1.133952e-010	3.139513e-011	8.245067e-011	
153	6.474881e-004	1.199662e-010	3.672974e-011	8.764950e-011	
154	6.674881e-004	1.133954e-010	3.139519e-011	8.245081e-011	
155	6.874881e-004	1.199661e-010	3.672968e-011	8.764936e-011	
156	7.074881e-004	1.133955e-010	3.139525e-011	8.245095e-011	
157	7.274881e-004	1.199659e-010	3.672962e-011	8.764922e-011	
158	7.474881e-004	1.133957e-010	3.139530e-011	8.245109e-011	
159	7.674881e-004	1.199657e-010	3.672957e-011	8.764908e-011	
160	7.874881e-004	1.133958e-010	3.139536e-011	8.245123e-011	
161	8.074881e-004	1.199656e-010	3.672951e-011	8.764894e-011	
162	8.274881e-004	1.133960e-010	3.139542e-011	8.245138e-011	
163	8.474881e-004	1.199654e-010	3.672946e-011	8.764880e-011	
164	8.674881e-004	1.133961e-010	3.139547e-011	8.245152e-011	
165	8.874881e-004	1.199653e-010	3.672940e-011	8.764866e-011	
166	9.074881e-004	1.133963e-010	3.139553e-011	8.245166e-011	
167	9.274881e-004	1.199651e-010	3.672934e-011	8.764852e-011	
168	9.474881e-004	1.133965e-010	3.139558e-011	8.245180e-011	
169	9.674881e-004	1.199649e-010	3.672929e-011	8.764837e-011	
170	9.874881e-004	1.133966e-010	3.139564e-011	8.245194e-011	

Index   time            m.xm1.msky130_f m.xm2.msky130_f m.xm2.msky130_f 
--------------------------------------------------------------------------------
171	1.000000e-003	1.199647e-010	3.672921e-011	8.764819e-011	

           * e:\esim\hackathon_charge_pump\hackathon_charge_pump.cir
           Transient Analysis  Sat Nov 02 01:25:41  2024
--------------------------------------------------------------------------------
Index   time            m.xm2.msky130_f m.xm3.msky130_f m.xm3.msky130_f 
--------------------------------------------------------------------------------
0	0.000000e+000	1.704877e-011	7.259989e-013	1.088998e-012	
1	1.000000e-007	1.704877e-011	7.259527e-013	1.088975e-012	
2	2.000000e-007	1.704877e-011	7.259933e-013	1.088996e-012	
3	4.000000e-007	1.704877e-011	7.260046e-013	1.089001e-012	
4	8.000000e-007	1.704877e-011	7.259970e-013	1.088997e-012	
5	1.600000e-006	1.704877e-011	7.260057e-013	1.089002e-012	
6	3.200000e-006	1.704877e-011	7.259900e-013	1.088994e-012	
7	6.400000e-006	1.704877e-011	7.260069e-013	1.089002e-012	
8	1.280000e-005	1.704877e-011	7.259896e-013	1.088994e-012	
9	2.560000e-005	1.704877e-011	7.260083e-013	1.089003e-012	
10	4.560000e-005	1.704877e-011	7.259895e-013	1.088994e-012	
11	6.560000e-005	1.704877e-011	7.260083e-013	1.089003e-012	
12	8.560000e-005	1.704877e-011	7.259895e-013	1.088994e-012	
13	1.056000e-004	1.704877e-011	7.260083e-013	1.089003e-012	
14	1.256000e-004	1.704877e-011	7.259895e-013	1.088994e-012	
15	1.456000e-004	1.704877e-011	7.260083e-013	1.089003e-012	
16	1.656000e-004	1.704877e-011	7.259895e-013	1.088994e-012	
17	1.856000e-004	1.704877e-011	7.260083e-013	1.089003e-012	
18	2.056000e-004	1.704877e-011	7.259895e-013	1.088994e-012	
19	2.256000e-004	1.704877e-011	7.260084e-013	1.089003e-012	
20	2.456000e-004	1.704877e-011	7.259895e-013	1.088994e-012	
21	2.656000e-004	1.704877e-011	7.260084e-013	1.089003e-012	
22	2.856000e-004	1.704877e-011	7.259895e-013	1.088994e-012	
23	3.056000e-004	1.704877e-011	7.260084e-013	1.089003e-012	
24	3.256000e-004	1.704877e-011	7.259895e-013	1.088994e-012	
25	3.456000e-004	1.704877e-011	7.260084e-013	1.089003e-012	
26	3.656000e-004	1.704877e-011	7.259895e-013	1.088994e-012	
27	3.856000e-004	1.704877e-011	7.260084e-013	1.089003e-012	
28	4.056000e-004	1.704877e-011	7.259895e-013	1.088994e-012	
29	4.256000e-004	1.704877e-011	7.260084e-013	1.089003e-012	
30	4.456000e-004	1.704877e-011	7.259895e-013	1.088994e-012	
31	4.656000e-004	1.704877e-011	7.260084e-013	1.089003e-012	
32	4.856000e-004	1.704877e-011	7.259895e-013	1.088994e-012	
33	5.000000e-004	1.704877e-011	7.260084e-013	1.089003e-012	
34	5.000000e-004	1.521685e-004	1.609991e-005	8.047980e-006	
35	5.000000e-004	5.221411e-005	-2.94743e-005	-1.47296e-005	
36	5.000001e-004	1.368119e-004	6.249307e-005	3.123334e-005	
37	5.000001e-004	5.653951e-005	-4.11525e-004	-2.05711e-004	
38	5.000001e-004	-1.41865e-006	-1.14089e-005	-5.78159e-006	
39	5.000001e-004	-1.74363e-007	-1.81656e-006	-8.33046e-007	
40	5.000001e-004	4.107841e-007	-5.39994e-008	-1.02370e-007	
41	5.000002e-004	1.530664e-007	2.280012e-007	1.893447e-007	
42	5.000003e-004	3.748437e-007	-2.77480e-007	-2.14061e-007	
43	5.000005e-004	1.637496e-007	2.955901e-007	2.231062e-007	
44	5.000008e-004	3.706197e-007	-3.02866e-007	-2.26737e-007	
45	5.000016e-004	1.656445e-007	3.064701e-007	2.285372e-007	
46	5.000031e-004	3.698133e-007	-3.08116e-007	-2.29357e-007	
47	5.000060e-004	1.660654e-007	3.089625e-007	2.297811e-007	
48	5.000119e-004	3.696189e-007	-3.09361e-007	-2.29978e-007	
49	5.000238e-004	1.661668e-007	3.095716e-007	2.300851e-007	
50	5.000475e-004	3.695689e-007	-3.09668e-007	-2.30132e-007	
51	5.000949e-004	1.661883e-007	3.097230e-007	2.301606e-007	
52	5.001896e-004	3.695492e-007	-3.09744e-007	-2.30170e-007	
53	5.003791e-004	1.661790e-007	3.097608e-007	2.301795e-007	
54	5.007581e-004	3.695151e-007	-3.09764e-007	-2.30179e-007	

Index   time            m.xm2.msky130_f m.xm3.msky130_f m.xm3.msky130_f 
--------------------------------------------------------------------------------
55	5.015161e-004	1.661180e-007	3.097702e-007	2.301842e-007	
56	5.030322e-004	3.693900e-007	-3.09768e-007	-2.30182e-007	
57	5.060643e-004	1.658681e-007	3.097726e-007	2.301854e-007	
58	5.121284e-004	3.688929e-007	-3.09770e-007	-2.30182e-007	
59	5.242567e-004	1.648689e-007	3.097732e-007	2.301857e-007	
60	5.442567e-004	3.671580e-007	-3.09770e-007	-2.30183e-007	
61	5.642567e-004	1.627174e-007	3.097734e-007	2.301858e-007	
62	5.842567e-004	3.650154e-007	-3.09770e-007	-2.30183e-007	
63	6.000001e-004	1.607821e-007	3.097737e-007	2.301859e-007	
64	6.000001e-004	-9.64074e-005	2.848584e-004	1.423943e-004	
65	6.000001e-004	-9.02999e-005	-1.01732e-004	-5.07838e-005	
66	6.000002e-004	-9.19298e-005	1.044827e-004	5.214650e-005	
67	6.000002e-004	-1.42459e-004	-4.83971e-005	-2.40912e-005	
68	6.000002e-004	-1.43586e-006	-7.77983e-005	-3.88923e-005	
69	6.000002e-004	-8.54282e-007	-6.31305e-005	-3.15788e-005	
70	6.000002e-004	-5.22325e-007	-3.90890e-005	-1.95533e-005	
71	6.000002e-004	-1.95919e-007	-1.42911e-005	-7.14830e-006	
72	6.000002e-004	-2.67197e-009	-4.73968e-007	-2.37424e-007	
73	6.000002e-004	-4.86207e-009	-3.64149e-007	-1.82125e-007	
74	6.000002e-004	-4.42772e-009	-3.29429e-007	-1.65216e-007	
75	6.000002e-004	-3.31876e-009	-2.45958e-007	-1.23709e-007	
76	6.000002e-004	-7.13950e-009	-5.40720e-007	-2.67492e-007	
77	6.000002e-004	-6.08652e-009	-4.44995e-007	-2.25674e-007	
78	6.000002e-004	-1.17730e-009	-9.60238e-008	-4.55029e-008	
79	6.000002e-004	-1.88516e-009	-1.34496e-007	-6.97104e-008	
80	6.000002e-004	-2.12249e-010	-2.39196e-008	-9.55157e-009	
81	6.000002e-004	-4.03178e-010	-3.13004e-008	-1.56382e-008	
82	6.000002e-004	4.290391e-010	3.084484e-008	1.535429e-008	
83	6.000002e-004	1.208178e-008	9.296488e-007	4.518561e-007	
84	6.000002e-004	1.083380e-008	7.689807e-007	3.990296e-007	
85	6.000002e-004	-4.93457e-010	-1.76216e-008	-1.71657e-008	
86	6.000002e-004	2.979969e-009	2.024525e-007	1.086481e-007	
87	6.000002e-004	-1.56384e-009	-1.01234e-007	-5.74206e-008	
88	6.000002e-004	-5.82073e-011	-2.16958e-008	-4.14169e-009	
89	6.000002e-004	2.136686e-008	1.647459e-006	7.998427e-007	
90	6.000002e-004	2.391421e-008	1.725319e-006	8.840458e-007	
91	6.000002e-004	1.512144e-009	1.334634e-007	5.762385e-008	
92	6.000002e-004	3.798963e-010	3.921214e-009	1.141314e-008	
93	6.000002e-004	-3.97885e-009	-2.75885e-007	-1.46806e-007	
94	6.000003e-004	-2.67172e-011	-2.38996e-008	-3.35126e-009	
95	6.000003e-004	-5.76441e-010	-4.43527e-008	-2.21060e-008	
96	6.000003e-004	7.661352e-010	5.786353e-008	2.818539e-008	
97	6.000003e-004	2.878653e-009	2.138336e-007	1.065012e-007	
98	6.000003e-004	4.055548e-009	3.036963e-007	1.505404e-007	
99	6.000003e-004	3.264357e-008	2.747084e-006	1.243634e-006	
100	6.000003e-004	5.097928e-008	3.661616e-006	1.884548e-006	
101	6.000003e-004	1.731905e-008	1.234979e-006	6.378338e-007	
102	6.000003e-004	2.894340e-008	2.283066e-006	1.088030e-006	
103	6.000003e-004	1.336381e-008	6.807266e-007	4.676022e-007	
104	6.000003e-004	1.218220e-008	-3.51052e-006	2.999939e-007	
105	6.000003e-004	6.943865e-009	-1.05120e-005	-2.73910e-007	
106	6.000003e-004	-1.47202e-008	-9.87801e-006	-1.62674e-006	
107	6.000003e-004	-3.16095e-008	1.048988e-005	-7.51235e-007	
108	6.000003e-004	1.366820e-007	2.766775e-005	7.374722e-006	
109	6.000003e-004	3.520855e-007	1.879691e-005	1.217709e-005	
110	6.000003e-004	4.653769e-008	3.903408e-007	1.505757e-006	
111	6.000003e-004	1.812216e-008	4.309782e-006	9.506609e-007	
112	6.000003e-004	-1.93040e-009	-3.49472e-006	-4.12536e-007	

Index   time            m.xm2.msky130_f m.xm3.msky130_f m.xm3.msky130_f 
--------------------------------------------------------------------------------
113	6.000003e-004	-4.26296e-008	7.330889e-008	-1.25769e-006	
114	6.000003e-004	3.241688e-008	-7.06608e-007	8.896112e-007	
115	6.000003e-004	-4.60809e-008	-3.81923e-007	-1.40638e-006	
116	6.000003e-004	4.069222e-008	1.786457e-008	1.208696e-006	
117	6.000003e-004	5.546306e-010	8.048273e-009	1.827991e-008	
118	6.000003e-004	-4.94344e-010	-7.08377e-009	-1.73693e-008	
119	6.000003e-004	-4.26442e-009	-3.28437e-007	-1.60783e-007	
120	6.000003e-004	-6.75468e-009	-5.00257e-007	-2.51392e-007	
121	6.000003e-004	-5.75351e-010	-1.24180e-008	-1.74156e-008	
122	6.000003e-004	4.838460e-010	7.862888e-009	1.365142e-008	
123	6.000003e-004	-1.09134e-008	-8.15153e-007	-4.07215e-007	
124	6.000003e-004	-5.36897e-009	-3.91768e-007	-1.98740e-007	
125	6.000003e-004	-1.34471e-009	-1.07672e-007	-5.18578e-008	
126	6.000003e-004	-1.14712e-009	-8.02013e-008	-4.21065e-008	
127	6.000003e-004	-3.30475e-010	-3.21294e-008	-1.40993e-008	
128	6.000003e-004	1.947291e-012	5.177904e-009	6.140124e-010	
129	6.000003e-004	7.343250e-011	-2.09872e-009	9.269146e-010	
130	6.000003e-004	1.610657e-010	1.072177e-008	5.358294e-009	
131	6.000003e-004	-5.10670e-011	-5.08582e-009	-2.53296e-009	
132	6.000003e-004	-1.07735e-010	-9.26421e-009	-4.63981e-009	
133	6.000003e-004	5.777788e-011	5.931919e-009	2.973695e-009	
134	6.000004e-004	4.888367e-012	-5.25795e-009	-2.63474e-009	
135	6.000005e-004	2.152470e-011	4.688431e-009	2.351193e-009	
136	6.000007e-004	1.414416e-011	-4.85086e-009	-2.43084e-009	
137	6.000011e-004	1.919845e-011	4.727771e-009	2.370695e-009	
138	6.000020e-004	1.521646e-011	-4.75925e-009	-2.38496e-009	
139	6.000036e-004	1.867183e-011	4.730646e-009	2.372091e-009	
140	6.000070e-004	1.547134e-011	-4.73714e-009	-2.37388e-009	
141	6.000137e-004	1.854967e-011	4.731796e-009	2.372656e-009	
142	6.000271e-004	1.553369e-011	-4.73244e-009	-2.37152e-009	
143	6.000540e-004	1.851821e-011	4.732159e-009	2.372834e-009	
144	6.001077e-004	1.554948e-011	-4.73124e-009	-2.37092e-009	
145	6.002150e-004	1.851035e-011	4.732260e-009	2.372885e-009	
146	6.004298e-004	1.555341e-011	-4.73094e-009	-2.37077e-009	
147	6.008593e-004	1.850838e-011	4.732285e-009	2.372897e-009	
148	6.017183e-004	1.555439e-011	-4.73087e-009	-2.37074e-009	
149	6.034363e-004	1.850789e-011	4.732291e-009	2.372900e-009	
150	6.068722e-004	1.555464e-011	-4.73085e-009	-2.37073e-009	
151	6.137442e-004	1.850777e-011	4.732293e-009	2.372901e-009	
152	6.274881e-004	1.555470e-011	-4.73084e-009	-2.37072e-009	
153	6.474881e-004	1.850774e-011	4.732293e-009	2.372901e-009	
154	6.674881e-004	1.555473e-011	-4.73084e-009	-2.37072e-009	
155	6.874881e-004	1.850771e-011	4.732292e-009	2.372900e-009	
156	7.074881e-004	1.555476e-011	-4.73084e-009	-2.37072e-009	
157	7.274881e-004	1.850768e-011	4.732291e-009	2.372900e-009	
158	7.474881e-004	1.555478e-011	-4.73084e-009	-2.37072e-009	
159	7.674881e-004	1.850765e-011	4.732290e-009	2.372899e-009	
160	7.874881e-004	1.555481e-011	-4.73084e-009	-2.37072e-009	
161	8.074881e-004	1.850762e-011	4.732290e-009	2.372899e-009	
162	8.274881e-004	1.555484e-011	-4.73084e-009	-2.37072e-009	
163	8.474881e-004	1.850760e-011	4.732289e-009	2.372898e-009	
164	8.674881e-004	1.555487e-011	-4.73084e-009	-2.37072e-009	
165	8.874881e-004	1.850757e-011	4.732288e-009	2.372898e-009	
166	9.074881e-004	1.555490e-011	-4.73084e-009	-2.37072e-009	
167	9.274881e-004	1.850754e-011	4.732287e-009	2.372898e-009	
168	9.474881e-004	1.555492e-011	-4.73084e-009	-2.37072e-009	
169	9.674881e-004	1.850751e-011	4.732286e-009	2.372897e-009	
170	9.874881e-004	1.555495e-011	-4.73083e-009	-2.37072e-009	

Index   time            m.xm2.msky130_f m.xm3.msky130_f m.xm3.msky130_f 
--------------------------------------------------------------------------------
171	1.000000e-003	1.850747e-011	4.732284e-009	2.372896e-009	

           * e:\esim\hackathon_charge_pump\hackathon_charge_pump.cir
           Transient Analysis  Sat Nov 02 01:25:41  2024
--------------------------------------------------------------------------------
Index   time            m.xm3.msky130_f m.xm4.msky130_f m.xm4.msky130_f 
--------------------------------------------------------------------------------
0	0.000000e+000	1.088998e-012	6.394944e-011	3.270072e-011	
1	1.000000e-007	1.088968e-012	6.394944e-011	3.270071e-011	
2	2.000000e-007	1.089000e-012	6.394944e-011	3.270073e-011	
3	4.000000e-007	1.088997e-012	6.394944e-011	3.270071e-011	
4	8.000000e-007	1.089003e-012	6.394944e-011	3.270073e-011	
5	1.600000e-006	1.088997e-012	6.394944e-011	3.270071e-011	
6	3.200000e-006	1.088998e-012	6.394944e-011	3.270072e-011	
7	6.400000e-006	1.088998e-012	6.394944e-011	3.270071e-011	
8	1.280000e-005	1.088998e-012	6.394944e-011	3.270072e-011	
9	2.560000e-005	1.088999e-012	6.394944e-011	3.270071e-011	
10	4.560000e-005	1.088998e-012	6.394944e-011	3.270072e-011	
11	6.560000e-005	1.088999e-012	6.394944e-011	3.270071e-011	
12	8.560000e-005	1.088998e-012	6.394944e-011	3.270072e-011	
13	1.056000e-004	1.088999e-012	6.394944e-011	3.270071e-011	
14	1.256000e-004	1.088998e-012	6.394944e-011	3.270072e-011	
15	1.456000e-004	1.088999e-012	6.394944e-011	3.270071e-011	
16	1.656000e-004	1.088998e-012	6.394944e-011	3.270072e-011	
17	1.856000e-004	1.088999e-012	6.394944e-011	3.270071e-011	
18	2.056000e-004	1.088998e-012	6.394944e-011	3.270072e-011	
19	2.256000e-004	1.088999e-012	6.394944e-011	3.270071e-011	
20	2.456000e-004	1.088998e-012	6.394944e-011	3.270072e-011	
21	2.656000e-004	1.088999e-012	6.394944e-011	3.270071e-011	
22	2.856000e-004	1.088998e-012	6.394944e-011	3.270072e-011	
23	3.056000e-004	1.088999e-012	6.394944e-011	3.270071e-011	
24	3.256000e-004	1.088998e-012	6.394944e-011	3.270072e-011	
25	3.456000e-004	1.088999e-012	6.394944e-011	3.270071e-011	
26	3.656000e-004	1.088998e-012	6.394944e-011	3.270072e-011	
27	3.856000e-004	1.088999e-012	6.394944e-011	3.270071e-011	
28	4.056000e-004	1.088998e-012	6.394944e-011	3.270072e-011	
29	4.256000e-004	1.088999e-012	6.394944e-011	3.270071e-011	
30	4.456000e-004	1.088998e-012	6.394944e-011	3.270072e-011	
31	4.656000e-004	1.088999e-012	6.394944e-011	3.270071e-011	
32	4.856000e-004	1.088998e-012	6.394944e-011	3.270072e-011	
33	5.000000e-004	1.088999e-012	6.394944e-011	3.270071e-011	
34	5.000000e-004	-4.71117e-006	2.907696e-004	1.325938e-004	
35	5.000000e-004	1.166615e-005	2.513762e-004	1.521170e-004	
36	5.000001e-004	1.152141e-005	9.531557e-004	4.567922e-004	
37	5.000001e-004	-1.60911e-004	7.098616e-004	3.998353e-004	
38	5.000001e-004	-2.70204e-005	6.051957e-004	2.813597e-004	
39	5.000001e-004	-5.86230e-006	6.891348e-004	3.395164e-004	
40	5.000001e-004	1.247352e-006	7.117294e-004	3.572331e-004	
41	5.000002e-004	-8.18883e-007	7.081397e-004	3.530432e-004	
42	5.000003e-004	6.967948e-007	7.096440e-004	3.557512e-004	
43	5.000005e-004	-6.52291e-007	7.087479e-004	3.534803e-004	
44	5.000008e-004	6.340206e-007	7.093942e-004	3.555762e-004	
45	5.000016e-004	-6.25186e-007	7.088621e-004	3.535590e-004	
46	5.000031e-004	6.210817e-007	7.093487e-004	3.555431e-004	
47	5.000060e-004	-6.19002e-007	7.088872e-004	3.535765e-004	
48	5.000119e-004	6.180086e-007	7.093378e-004	3.555352e-004	
49	5.000238e-004	-6.17491e-007	7.088932e-004	3.535808e-004	
50	5.000475e-004	6.172499e-007	7.093350e-004	3.555332e-004	
51	5.000949e-004	-6.17116e-007	7.088946e-004	3.535817e-004	
52	5.001896e-004	6.170608e-007	7.093341e-004	3.555326e-004	
53	5.003791e-004	-6.17022e-007	7.088945e-004	3.535818e-004	
54	5.007581e-004	6.170136e-007	7.093329e-004	3.555320e-004	

Index   time            m.xm3.msky130_f m.xm4.msky130_f m.xm4.msky130_f 
--------------------------------------------------------------------------------
55	5.015161e-004	-6.16999e-007	7.088927e-004	3.535808e-004	
56	5.030322e-004	6.170018e-007	7.093290e-004	3.555300e-004	
57	5.060643e-004	-6.16993e-007	7.088848e-004	3.535769e-004	
58	5.121284e-004	6.169988e-007	7.093132e-004	3.555221e-004	
59	5.242567e-004	-6.16991e-007	7.088535e-004	3.535613e-004	
60	5.442567e-004	6.169980e-007	7.092592e-004	3.554951e-004	
61	5.642567e-004	-6.16991e-007	7.087881e-004	3.535286e-004	
62	5.842567e-004	6.169974e-007	7.091922e-004	3.554616e-004	
63	6.000001e-004	-6.16990e-007	7.087271e-004	3.534981e-004	
64	6.000001e-004	1.145702e-004	6.891304e-004	3.167445e-004	
65	6.000001e-004	-2.52769e-005	6.901776e-004	3.705970e-004	
66	6.000002e-004	3.104370e-005	-5.74417e-005	-4.97844e-005	
67	6.000002e-004	8.064600e-006	-2.77615e-004	-1.06674e-004	
68	6.000002e-004	-5.06914e-005	-7.58572e-006	-1.56520e-005	
69	6.000002e-004	-4.12203e-005	-5.85720e-006	-1.25722e-005	
70	6.000002e-004	-2.55799e-005	-3.76712e-006	-7.91053e-006	
71	6.000002e-004	-9.34231e-006	-1.36256e-006	-2.87623e-006	
72	6.000002e-004	-3.25682e-007	-7.95992e-008	-1.27430e-007	
73	6.000002e-004	-2.38535e-007	-3.58771e-008	-7.43675e-008	
74	6.000002e-004	-2.15696e-007	-3.24051e-008	-6.67327e-008	
75	6.000002e-004	-1.60975e-007	-2.42067e-008	-4.94388e-008	
76	6.000002e-004	-3.54730e-007	-5.26247e-008	-1.13273e-007	
77	6.000002e-004	-2.90900e-007	-4.41584e-008	-8.76085e-008	
78	6.000002e-004	-6.33640e-008	-8.98719e-009	-2.21174e-008	
79	6.000002e-004	-8.76452e-008	-1.35323e-008	-2.49316e-008	
80	6.000002e-004	-1.61127e-008	-1.91810e-009	-7.29389e-009	
81	6.000002e-004	-2.05052e-008	-3.01067e-009	-6.37016e-009	
82	6.000002e-004	2.021876e-008	3.084460e-009	6.400352e-009	
83	6.000002e-004	6.113808e-007	8.937370e-008	2.029670e-007	
84	6.000002e-004	5.010631e-007	7.793030e-008	1.423379e-007	
85	6.000002e-004	-1.00644e-008	-2.96485e-009	4.912544e-009	
86	6.000002e-004	1.313207e-007	2.110748e-008	3.383490e-008	
87	6.000002e-004	-6.51348e-008	-1.09334e-008	-1.37242e-008	
88	6.000002e-004	-1.53692e-008	-1.03621e-009	-1.12120e-008	
89	6.000002e-004	1.083601e-006	1.581808e-007	3.605672e-007	
90	6.000002e-004	1.126282e-006	1.729782e-007	3.306633e-007	
91	6.000002e-004	8.897833e-008	1.178261e-008	3.654675e-008	
92	6.000002e-004	9.581391e-010	1.900587e-009	-8.77807e-009	
93	6.000002e-004	-1.79219e-007	-2.84049e-008	-4.72795e-008	
94	6.000003e-004	-1.71012e-008	-9.70980e-010	-1.35982e-008	
95	6.000003e-004	-2.90671e-008	-4.28399e-009	-9.09389e-009	
96	6.000003e-004	3.804363e-008	5.631646e-009	1.260231e-008	
97	6.000003e-004	1.401513e-007	2.101191e-008	4.411456e-008	
98	6.000003e-004	1.991807e-007	2.970194e-008	6.336530e-008	
99	6.000003e-004	1.823006e-006	2.496031e-007	6.924759e-007	
100	6.000003e-004	2.390374e-006	3.679722e-007	6.927349e-007	
101	6.000003e-004	8.032965e-007	1.249825e-007	2.321786e-007	
102	6.000003e-004	1.504883e-006	2.161870e-007	5.205480e-007	
103	6.000003e-004	4.237765e-007	8.676952e-008	9.901159e-009	
104	6.000003e-004	-2.56302e-006	-2.73300e-008	-2.81436e-006	
105	6.000003e-004	-7.53537e-006	-2.63343e-007	-7.23107e-006	
106	6.000003e-004	-6.98930e-006	-4.58782e-007	-5.39125e-006	
107	6.000003e-004	7.577489e-006	1.058381e-007	8.270698e-006	
108	6.000003e-004	1.924618e-005	1.720548e-006	1.221944e-005	
109	6.000003e-004	1.206761e-005	2.269004e-006	9.735876e-007	
110	6.000003e-004	-1.48738e-007	2.405692e-007	-1.23005e-006	
111	6.000003e-004	3.134228e-006	2.420781e-007	2.098135e-006	
112	6.000003e-004	-2.59698e-006	-1.40218e-007	-2.06746e-006	

Index   time            m.xm3.msky130_f m.xm4.msky130_f m.xm4.msky130_f 
--------------------------------------------------------------------------------
113	6.000003e-004	3.357795e-007	-1.89639e-007	1.329788e-006	
114	6.000003e-004	-7.35286e-007	1.195198e-007	-1.40779e-006	
115	6.000003e-004	1.440040e-008	-2.22093e-007	1.158141e-006	
116	6.000003e-004	-2.48630e-007	1.840114e-007	-1.21674e-006	
117	6.000003e-004	1.328996e-009	3.058283e-009	-1.25916e-008	
118	6.000003e-004	-8.24755e-010	-2.76174e-009	1.243636e-008	
119	6.000003e-004	-2.15734e-007	-3.16708e-008	-7.05116e-008	
120	6.000003e-004	-3.27511e-007	-4.92919e-008	-1.00819e-007	
121	6.000003e-004	-6.05994e-009	-2.93168e-009	8.827941e-009	
122	6.000003e-004	3.414697e-009	2.353250e-009	-8.21476e-009	
123	6.000003e-004	-5.34130e-007	-7.99532e-008	-1.66733e-007	
124	6.000003e-004	-2.55996e-007	-3.89252e-008	-7.71152e-008	
125	6.000003e-004	-7.09925e-008	-1.01756e-008	-2.39150e-008	
126	6.000003e-004	-5.20686e-008	-8.16485e-009	-1.43517e-008	
127	6.000003e-004	-2.15041e-008	-2.75524e-009	-8.47878e-009	
128	6.000003e-004	3.852467e-009	2.325375e-010	3.051864e-009	
129	6.000003e-004	-1.83403e-009	1.976984e-010	-2.35801e-009	
130	6.000003e-004	7.024406e-009	1.117321e-009	2.225382e-009	
131	6.000003e-004	-3.33244e-009	-4.34675e-010	-1.01540e-009	
132	6.000003e-004	-6.06650e-009	-8.47883e-010	-1.85053e-009	
133	6.000003e-004	3.432985e-009	3.614871e-010	6.412658e-010	
134	6.000004e-004	-2.76434e-009	-2.44288e-011	-1.41581e-010	
135	6.000005e-004	2.392603e-009	9.639591e-011	9.081828e-011	
136	6.000007e-004	-2.45373e-009	4.325470e-011	-1.01508e-012	
137	6.000011e-004	2.385279e-009	7.938110e-011	5.548482e-011	
138	6.000020e-004	-2.39547e-009	5.109562e-011	1.527089e-011	
139	6.000036e-004	2.380601e-009	7.552971e-011	4.748522e-011	
140	6.000070e-004	-2.38146e-009	5.295944e-011	1.914228e-011	
141	6.000137e-004	2.379757e-009	7.463640e-011	4.562970e-011	
142	6.000271e-004	-2.37838e-009	5.341541e-011	2.008941e-011	
143	6.000540e-004	2.379573e-009	7.440638e-011	4.515191e-011	
144	6.001077e-004	-2.37760e-009	5.353088e-011	2.032925e-011	
145	6.002150e-004	2.379533e-009	7.434886e-011	4.503243e-011	
146	6.004298e-004	-2.37741e-009	5.355960e-011	2.038890e-011	
147	6.008593e-004	2.379522e-009	7.433449e-011	4.500259e-011	
148	6.017183e-004	-2.37736e-009	5.356678e-011	2.040383e-011	
149	6.034363e-004	2.379520e-009	7.433090e-011	4.499512e-011	
150	6.068722e-004	-2.37734e-009	5.356858e-011	2.040756e-011	
151	6.137442e-004	2.379519e-009	7.433000e-011	4.499326e-011	
152	6.274881e-004	-2.37734e-009	5.356903e-011	2.040849e-011	
153	6.474881e-004	2.379518e-009	7.432975e-011	4.499273e-011	
154	6.674881e-004	-2.37734e-009	5.356923e-011	2.040892e-011	
155	6.874881e-004	2.379518e-009	7.432954e-011	4.499231e-011	
156	7.074881e-004	-2.37734e-009	5.356944e-011	2.040934e-011	
157	7.274881e-004	2.379517e-009	7.432934e-011	4.499188e-011	
158	7.474881e-004	-2.37734e-009	5.356965e-011	2.040977e-011	
159	7.674881e-004	2.379516e-009	7.432913e-011	4.499145e-011	
160	7.874881e-004	-2.37734e-009	5.356985e-011	2.041020e-011	
161	8.074881e-004	2.379515e-009	7.432893e-011	4.499103e-011	
162	8.274881e-004	-2.37734e-009	5.357006e-011	2.041063e-011	
163	8.474881e-004	2.379515e-009	7.432872e-011	4.499060e-011	
164	8.674881e-004	-2.37734e-009	5.357026e-011	2.041105e-011	
165	8.874881e-004	2.379514e-009	7.432851e-011	4.499017e-011	
166	9.074881e-004	-2.37734e-009	5.357047e-011	2.041148e-011	
167	9.274881e-004	2.379513e-009	7.432831e-011	4.498974e-011	
168	9.474881e-004	-2.37734e-009	5.357067e-011	2.041191e-011	
169	9.674881e-004	2.379512e-009	7.432810e-011	4.498932e-011	
170	9.874881e-004	-2.37733e-009	5.357088e-011	2.041234e-011	

Index   time            m.xm3.msky130_f m.xm4.msky130_f m.xm4.msky130_f 
--------------------------------------------------------------------------------
171	1.000000e-003	2.379511e-009	7.432784e-011	4.498876e-011	

           * e:\esim\hackathon_charge_pump\hackathon_charge_pump.cir
           Transient Analysis  Sat Nov 02 01:25:41  2024
--------------------------------------------------------------------------------
Index   time            m.xm4.msky130_f net-_c1-pad1_   net-_c1-pad2_   
--------------------------------------------------------------------------------
0	0.000000e+000	1.572247e-010	2.392878e-002	2.713531e+000	
1	1.000000e-007	1.572247e-010	2.392878e-002	2.713531e+000	
2	2.000000e-007	1.572247e-010	2.392878e-002	2.713531e+000	
3	4.000000e-007	1.572247e-010	2.392878e-002	2.713531e+000	
4	8.000000e-007	1.572247e-010	2.392878e-002	2.713531e+000	
5	1.600000e-006	1.572247e-010	2.392878e-002	2.713531e+000	
6	3.200000e-006	1.572247e-010	2.392878e-002	2.713531e+000	
7	6.400000e-006	1.572247e-010	2.392878e-002	2.713531e+000	
8	1.280000e-005	1.572247e-010	2.392878e-002	2.713531e+000	
9	2.560000e-005	1.572247e-010	2.392878e-002	2.713531e+000	
10	4.560000e-005	1.572247e-010	2.392878e-002	2.713531e+000	
11	6.560000e-005	1.572247e-010	2.392878e-002	2.713531e+000	
12	8.560000e-005	1.572247e-010	2.392878e-002	2.713531e+000	
13	1.056000e-004	1.572247e-010	2.392878e-002	2.713531e+000	
14	1.256000e-004	1.572247e-010	2.392878e-002	2.713531e+000	
15	1.456000e-004	1.572247e-010	2.392878e-002	2.713531e+000	
16	1.656000e-004	1.572247e-010	2.392878e-002	2.713531e+000	
17	1.856000e-004	1.572247e-010	2.392878e-002	2.713531e+000	
18	2.056000e-004	1.572247e-010	2.392878e-002	2.713531e+000	
19	2.256000e-004	1.572247e-010	2.392878e-002	2.713531e+000	
20	2.456000e-004	1.572247e-010	2.392878e-002	2.713531e+000	
21	2.656000e-004	1.572247e-010	2.392878e-002	2.713531e+000	
22	2.856000e-004	1.572247e-010	2.392878e-002	2.713531e+000	
23	3.056000e-004	1.572247e-010	2.392878e-002	2.713531e+000	
24	3.256000e-004	1.572247e-010	2.392878e-002	2.713531e+000	
25	3.456000e-004	1.572247e-010	2.392878e-002	2.713531e+000	
26	3.656000e-004	1.572247e-010	2.392878e-002	2.713531e+000	
27	3.856000e-004	1.572247e-010	2.392878e-002	2.713531e+000	
28	4.056000e-004	1.572247e-010	2.392878e-002	2.713531e+000	
29	4.256000e-004	1.572247e-010	2.392878e-002	2.713531e+000	
30	4.456000e-004	1.572247e-010	2.392878e-002	2.713531e+000	
31	4.656000e-004	1.572247e-010	2.392878e-002	2.713531e+000	
32	4.856000e-004	1.572247e-010	2.392878e-002	2.713531e+000	
33	5.000000e-004	1.572247e-010	2.392878e-002	2.713531e+000	
34	5.000000e-004	1.453765e-004	-3.18142e-002	2.657788e+000	
35	5.000000e-004	1.256978e-004	2.752718e-002	2.717129e+000	
36	5.000001e-004	4.765582e-004	8.337292e-002	2.772975e+000	
37	5.000001e-004	3.549553e-004	2.546021e-001	2.944204e+000	
38	5.000001e-004	3.026027e-004	1.907052e-001	2.880307e+000	
39	5.000001e-004	3.445589e-004	1.155723e-001	2.805175e+000	
40	5.000001e-004	3.558729e-004	9.524862e-002	2.784851e+000	
41	5.000002e-004	3.540619e-004	9.899563e-002	2.788598e+000	
42	5.000003e-004	3.548301e-004	9.705024e-002	2.786653e+000	
43	5.000005e-004	3.543661e-004	9.845551e-002	2.788058e+000	
44	5.000008e-004	3.547053e-004	9.725854e-002	2.786861e+000	
45	5.000016e-004	3.544232e-004	9.836444e-002	2.787967e+000	
46	5.000031e-004	3.546825e-004	9.730057e-002	2.786903e+000	
47	5.000060e-004	3.544357e-004	9.834377e-002	2.787946e+000	
48	5.000119e-004	3.546770e-004	9.731051e-002	2.786912e+000	
49	5.000238e-004	3.544387e-004	9.833877e-002	2.787940e+000	
50	5.000475e-004	3.546756e-004	9.731302e-002	2.786914e+000	
51	5.000949e-004	3.544394e-004	9.833764e-002	2.787937e+000	
52	5.001896e-004	3.546752e-004	9.731388e-002	2.786911e+000	
53	5.003791e-004	3.544394e-004	9.833782e-002	2.787930e+000	
54	5.007581e-004	3.546746e-004	9.731500e-002	2.786896e+000	

Index   time            m.xm4.msky130_f net-_c1-pad1_   net-_c1-pad2_   
--------------------------------------------------------------------------------
55	5.015161e-004	3.544384e-004	9.833968e-002	2.787900e+000	
56	5.030322e-004	3.546726e-004	9.731893e-002	2.786837e+000	
57	5.060643e-004	3.544345e-004	9.834744e-002	2.787781e+000	
58	5.121284e-004	3.546648e-004	9.733450e-002	2.786600e+000	
59	5.242567e-004	3.544189e-004	9.837854e-002	2.787308e+000	
60	5.442567e-004	3.546377e-004	9.738927e-002	2.785763e+000	
61	5.642567e-004	3.543862e-004	9.844642e-002	2.786265e+000	
62	5.842567e-004	3.546043e-004	9.745743e-002	2.784721e+000	
63	6.000001e-004	3.543556e-004	9.850748e-002	2.785335e+000	
64	6.000001e-004	3.445659e-004	-1.94296e-002	2.667398e+000	
65	6.000001e-004	3.450883e-004	-3.00491e-002	2.656778e+000	
66	6.000002e-004	-2.87093e-005	9.393621e-003	2.696221e+000	
67	6.000002e-004	-1.38814e-004	7.812319e-002	2.764950e+000	
68	6.000002e-004	-3.80752e-006	5.181592e-002	2.738643e+000	
69	6.000002e-004	-2.92886e-006	4.651828e-002	2.733345e+000	
70	6.000002e-004	-1.88351e-006	3.795745e-002	2.724785e+000	
71	6.000002e-004	-6.81345e-007	2.903806e-002	2.715865e+000	
72	6.000002e-004	-3.95543e-008	2.411334e-002	2.710940e+000	
73	6.000002e-004	-1.78181e-008	2.405261e-002	2.710880e+000	
74	6.000002e-004	-1.60894e-008	2.405092e-002	2.710878e+000	
75	6.000002e-004	-1.19947e-008	2.404798e-002	2.710875e+000	
76	6.000002e-004	-2.61210e-008	2.403955e-002	2.710867e+000	
77	6.000002e-004	-2.20272e-008	2.401904e-002	2.710846e+000	
78	6.000002e-004	-4.31058e-009	2.399671e-002	2.710824e+000	
79	6.000002e-004	-6.69763e-009	2.397744e-002	2.710805e+000	
80	6.000002e-004	-7.78379e-010	2.395106e-002	2.710778e+000	
81	6.000002e-004	-1.37982e-009	2.394844e-002	2.710776e+000	
82	6.000002e-004	1.665882e-009	2.394845e-002	2.710776e+000	
83	6.000002e-004	4.451166e-008	2.395398e-002	2.710781e+000	
84	6.000002e-004	3.942649e-008	2.396272e-002	2.710790e+000	
85	6.000002e-004	-1.54961e-009	2.396997e-002	2.710797e+000	
86	6.000002e-004	1.084969e-008	2.397400e-002	2.710801e+000	
87	6.000002e-004	-5.49779e-009	2.397800e-002	2.710805e+000	
88	6.000002e-004	-2.38794e-010	2.396779e-002	2.710795e+000	
89	6.000002e-004	7.866237e-008	2.397764e-002	2.710805e+000	
90	6.000002e-004	8.710840e-008	2.399530e-002	2.710822e+000	
91	6.000002e-004	5.807563e-009	2.401351e-002	2.710841e+000	
92	6.000002e-004	1.292451e-009	2.401628e-002	2.710843e+000	
93	6.000002e-004	-1.42805e-008	2.400471e-002	2.710832e+000	
94	6.000003e-004	-1.63169e-010	2.397987e-002	2.710807e+000	
95	6.000003e-004	-2.01512e-009	2.397800e-002	2.710805e+000	
96	6.000003e-004	2.923757e-009	2.397868e-002	2.710806e+000	
97	6.000003e-004	1.062153e-008	2.398164e-002	2.710809e+000	
98	6.000003e-004	1.494590e-008	2.398329e-002	2.710810e+000	
99	6.000003e-004	1.219262e-007	2.398869e-002	2.710816e+000	
100	6.000003e-004	1.853335e-007	2.399775e-002	2.710825e+000	
101	6.000003e-004	6.310847e-008	2.400871e-002	2.710836e+000	
102	6.000003e-004	1.069880e-007	2.401247e-002	2.710840e+000	
103	6.000003e-004	4.643905e-008	2.401515e-002	2.710842e+000	
104	6.000003e-004	3.103612e-008	2.401210e-002	2.710839e+000	
105	6.000003e-004	-2.21634e-008	2.400687e-002	2.710834e+000	
106	6.000003e-004	-1.51500e-007	2.400671e-002	2.710834e+000	
107	6.000003e-004	-7.79412e-008	2.402137e-002	2.710848e+000	
108	6.000003e-004	7.073184e-007	2.403809e-002	2.710865e+000	
109	6.000003e-004	1.198810e-006	2.404146e-002	2.710869e+000	
110	6.000003e-004	1.509890e-007	2.403531e-002	2.710862e+000	
111	6.000003e-004	9.319839e-008	2.404191e-002	2.710869e+000	
112	6.000003e-004	-3.90281e-008	2.403753e-002	2.710865e+000	

Index   time            m.xm4.msky130_f net-_c1-pad1_   net-_c1-pad2_   
--------------------------------------------------------------------------------
113	6.000003e-004	-1.24682e-007	2.402897e-002	2.710856e+000	
114	6.000003e-004	8.866638e-008	2.402444e-002	2.710852e+000	
115	6.000003e-004	-1.39059e-007	2.401044e-002	2.710838e+000	
116	6.000003e-004	1.199027e-007	2.400146e-002	2.710829e+000	
117	6.000003e-004	1.987638e-009	2.400148e-002	2.710829e+000	
118	6.000003e-004	-1.57879e-009	2.400148e-002	2.710829e+000	
119	6.000003e-004	-1.56307e-008	2.399912e-002	2.710826e+000	
120	6.000003e-004	-2.45497e-008	2.399362e-002	2.710821e+000	
121	6.000003e-004	-1.60003e-009	2.399395e-002	2.710821e+000	
122	6.000003e-004	1.525974e-009	2.399395e-002	2.710821e+000	
123	6.000003e-004	-3.98416e-008	2.398811e-002	2.710815e+000	
124	6.000003e-004	-1.94048e-008	2.397279e-002	2.710800e+000	
125	6.000003e-004	-4.91556e-009	2.396007e-002	2.710787e+000	
126	6.000003e-004	-4.00482e-009	2.395036e-002	2.710777e+000	
127	6.000003e-004	-1.20571e-009	2.393876e-002	2.710766e+000	
128	6.000003e-004	1.946100e-010	2.393321e-002	2.710760e+000	
129	6.000003e-004	2.710012e-010	2.393448e-002	2.710762e+000	
130	6.000003e-004	6.838378e-010	2.393671e-002	2.710764e+000	
131	6.000003e-004	-9.18776e-011	2.393786e-002	2.710765e+000	
132	6.000003e-004	-2.98883e-010	2.393191e-002	2.710759e+000	
133	6.000003e-004	3.061585e-010	2.392675e-002	2.710754e+000	
134	6.000004e-004	1.128749e-010	2.393027e-002	2.710757e+000	
135	6.000005e-004	1.736080e-010	2.392838e-002	2.710755e+000	
136	6.000007e-004	1.467175e-010	2.392918e-002	2.710756e+000	
137	6.000011e-004	1.651004e-010	2.392847e-002	2.710756e+000	
138	6.000020e-004	1.506380e-010	2.392916e-002	2.710756e+000	
139	6.000036e-004	1.631746e-010	2.392847e-002	2.710756e+000	
140	6.000070e-004	1.515700e-010	2.392911e-002	2.710756e+000	
141	6.000137e-004	1.627280e-010	2.392846e-002	2.710756e+000	
142	6.000271e-004	1.517979e-010	2.392912e-002	2.710756e+000	
143	6.000540e-004	1.626130e-010	2.392845e-002	2.710756e+000	
144	6.001077e-004	1.518557e-010	2.392911e-002	2.710756e+000	
145	6.002150e-004	1.625842e-010	2.392845e-002	2.710756e+000	
146	6.004298e-004	1.518700e-010	2.392911e-002	2.710756e+000	
147	6.008593e-004	1.625770e-010	2.392845e-002	2.710756e+000	
148	6.017183e-004	1.518736e-010	2.392911e-002	2.710756e+000	
149	6.034363e-004	1.625752e-010	2.392845e-002	2.710756e+000	
150	6.068722e-004	1.518745e-010	2.392911e-002	2.710756e+000	
151	6.137442e-004	1.625748e-010	2.392845e-002	2.710756e+000	
152	6.274881e-004	1.518747e-010	2.392911e-002	2.710756e+000	
153	6.474881e-004	1.625746e-010	2.392845e-002	2.710756e+000	
154	6.674881e-004	1.518749e-010	2.392911e-002	2.710756e+000	
155	6.874881e-004	1.625745e-010	2.392845e-002	2.710756e+000	
156	7.074881e-004	1.518750e-010	2.392911e-002	2.710756e+000	
157	7.274881e-004	1.625744e-010	2.392845e-002	2.710756e+000	
158	7.474881e-004	1.518751e-010	2.392911e-002	2.710756e+000	
159	7.674881e-004	1.625743e-010	2.392845e-002	2.710756e+000	
160	7.874881e-004	1.518752e-010	2.392911e-002	2.710756e+000	
161	8.074881e-004	1.625742e-010	2.392845e-002	2.710756e+000	
162	8.274881e-004	1.518753e-010	2.392911e-002	2.710756e+000	
163	8.474881e-004	1.625741e-010	2.392845e-002	2.710756e+000	
164	8.674881e-004	1.518754e-010	2.392911e-002	2.710756e+000	
165	8.874881e-004	1.625740e-010	2.392845e-002	2.710756e+000	
166	9.074881e-004	1.518755e-010	2.392911e-002	2.710756e+000	
167	9.274881e-004	1.625739e-010	2.392845e-002	2.710756e+000	
168	9.474881e-004	1.518756e-010	2.392911e-002	2.710756e+000	
169	9.674881e-004	1.625738e-010	2.392845e-002	2.710756e+000	
170	9.874881e-004	1.518757e-010	2.392911e-002	2.710756e+000	

Index   time            m.xm4.msky130_f net-_c1-pad1_   net-_c1-pad2_   
--------------------------------------------------------------------------------
171	1.000000e-003	1.625737e-010	2.392845e-002	2.710756e+000	

           * e:\esim\hackathon_charge_pump\hackathon_charge_pump.cir
           Transient Analysis  Sat Nov 02 01:25:41  2024
--------------------------------------------------------------------------------
Index   time            net-_xm1-pad1_  net-_xm1-pad2_  net-_xm2-pad2_  
--------------------------------------------------------------------------------
0	0.000000e+000	5.000000e+000	3.300000e+000	0.000000e+000	
1	1.000000e-007	5.000000e+000	3.300000e+000	0.000000e+000	
2	2.000000e-007	5.000000e+000	3.300000e+000	0.000000e+000	
3	4.000000e-007	5.000000e+000	3.300000e+000	0.000000e+000	
4	8.000000e-007	5.000000e+000	3.300000e+000	0.000000e+000	
5	1.600000e-006	5.000000e+000	3.300000e+000	0.000000e+000	
6	3.200000e-006	5.000000e+000	3.300000e+000	0.000000e+000	
7	6.400000e-006	5.000000e+000	3.300000e+000	0.000000e+000	
8	1.280000e-005	5.000000e+000	3.300000e+000	0.000000e+000	
9	2.560000e-005	5.000000e+000	3.300000e+000	0.000000e+000	
10	4.560000e-005	5.000000e+000	3.300000e+000	0.000000e+000	
11	6.560000e-005	5.000000e+000	3.300000e+000	0.000000e+000	
12	8.560000e-005	5.000000e+000	3.300000e+000	0.000000e+000	
13	1.056000e-004	5.000000e+000	3.300000e+000	0.000000e+000	
14	1.256000e-004	5.000000e+000	3.300000e+000	0.000000e+000	
15	1.456000e-004	5.000000e+000	3.300000e+000	0.000000e+000	
16	1.656000e-004	5.000000e+000	3.300000e+000	0.000000e+000	
17	1.856000e-004	5.000000e+000	3.300000e+000	0.000000e+000	
18	2.056000e-004	5.000000e+000	3.300000e+000	0.000000e+000	
19	2.256000e-004	5.000000e+000	3.300000e+000	0.000000e+000	
20	2.456000e-004	5.000000e+000	3.300000e+000	0.000000e+000	
21	2.656000e-004	5.000000e+000	3.300000e+000	0.000000e+000	
22	2.856000e-004	5.000000e+000	3.300000e+000	0.000000e+000	
23	3.056000e-004	5.000000e+000	3.300000e+000	0.000000e+000	
24	3.256000e-004	5.000000e+000	3.300000e+000	0.000000e+000	
25	3.456000e-004	5.000000e+000	3.300000e+000	0.000000e+000	
26	3.656000e-004	5.000000e+000	3.300000e+000	0.000000e+000	
27	3.856000e-004	5.000000e+000	3.300000e+000	0.000000e+000	
28	4.056000e-004	5.000000e+000	3.300000e+000	0.000000e+000	
29	4.256000e-004	5.000000e+000	3.300000e+000	0.000000e+000	
30	4.456000e-004	5.000000e+000	3.300000e+000	0.000000e+000	
31	4.656000e-004	5.000000e+000	3.300000e+000	0.000000e+000	
32	4.856000e-004	5.000000e+000	3.300000e+000	0.000000e+000	
33	5.000000e-004	5.000000e+000	3.300000e+000	0.000000e+000	
34	5.000000e-004	5.000000e+000	2.970000e+000	3.300000e-001	
35	5.000000e-004	5.000000e+000	2.310000e+000	9.900000e-001	
36	5.000001e-004	5.000000e+000	9.900000e-001	2.310000e+000	
37	5.000001e-004	5.000000e+000	0.000000e+000	3.300000e+000	
38	5.000001e-004	5.000000e+000	0.000000e+000	3.300000e+000	
39	5.000001e-004	5.000000e+000	0.000000e+000	3.300000e+000	
40	5.000001e-004	5.000000e+000	0.000000e+000	3.300000e+000	
41	5.000002e-004	5.000000e+000	0.000000e+000	3.300000e+000	
42	5.000003e-004	5.000000e+000	0.000000e+000	3.300000e+000	
43	5.000005e-004	5.000000e+000	0.000000e+000	3.300000e+000	
44	5.000008e-004	5.000000e+000	0.000000e+000	3.300000e+000	
45	5.000016e-004	5.000000e+000	0.000000e+000	3.300000e+000	
46	5.000031e-004	5.000000e+000	0.000000e+000	3.300000e+000	
47	5.000060e-004	5.000000e+000	0.000000e+000	3.300000e+000	
48	5.000119e-004	5.000000e+000	0.000000e+000	3.300000e+000	
49	5.000238e-004	5.000000e+000	0.000000e+000	3.300000e+000	
50	5.000475e-004	5.000000e+000	0.000000e+000	3.300000e+000	
51	5.000949e-004	5.000000e+000	0.000000e+000	3.300000e+000	
52	5.001896e-004	5.000000e+000	0.000000e+000	3.300000e+000	
53	5.003791e-004	5.000000e+000	0.000000e+000	3.300000e+000	
54	5.007581e-004	5.000000e+000	0.000000e+000	3.300000e+000	

Index   time            net-_xm1-pad1_  net-_xm1-pad2_  net-_xm2-pad2_  
--------------------------------------------------------------------------------
55	5.015161e-004	5.000000e+000	0.000000e+000	3.300000e+000	
56	5.030322e-004	5.000000e+000	0.000000e+000	3.300000e+000	
57	5.060643e-004	5.000000e+000	0.000000e+000	3.300000e+000	
58	5.121284e-004	5.000000e+000	0.000000e+000	3.300000e+000	
59	5.242567e-004	5.000000e+000	0.000000e+000	3.300000e+000	
60	5.442567e-004	5.000000e+000	0.000000e+000	3.300000e+000	
61	5.642567e-004	5.000000e+000	0.000000e+000	3.300000e+000	
62	5.842567e-004	5.000000e+000	0.000000e+000	3.300000e+000	
63	6.000001e-004	5.000000e+000	1.341700e-009	3.300000e+000	
64	6.000001e-004	5.000000e+000	3.300000e-001	2.970000e+000	
65	6.000001e-004	5.000000e+000	9.900000e-001	2.310000e+000	
66	6.000002e-004	5.000000e+000	2.310000e+000	9.900000e-001	
67	6.000002e-004	5.000000e+000	3.300000e+000	0.000000e+000	
68	6.000002e-004	5.000000e+000	3.300000e+000	0.000000e+000	
69	6.000002e-004	5.000000e+000	3.300000e+000	0.000000e+000	
70	6.000002e-004	5.000000e+000	3.300000e+000	0.000000e+000	
71	6.000002e-004	5.000000e+000	3.300000e+000	0.000000e+000	
72	6.000002e-004	5.000000e+000	3.300000e+000	0.000000e+000	
73	6.000002e-004	5.000000e+000	3.300000e+000	0.000000e+000	
74	6.000002e-004	5.000000e+000	3.300000e+000	0.000000e+000	
75	6.000002e-004	5.000000e+000	3.300000e+000	0.000000e+000	
76	6.000002e-004	5.000000e+000	3.300000e+000	0.000000e+000	
77	6.000002e-004	5.000000e+000	3.300000e+000	0.000000e+000	
78	6.000002e-004	5.000000e+000	3.300000e+000	0.000000e+000	
79	6.000002e-004	5.000000e+000	3.300000e+000	0.000000e+000	
80	6.000002e-004	5.000000e+000	3.300000e+000	0.000000e+000	
81	6.000002e-004	5.000000e+000	3.300000e+000	0.000000e+000	
82	6.000002e-004	5.000000e+000	3.300000e+000	0.000000e+000	
83	6.000002e-004	5.000000e+000	3.300000e+000	0.000000e+000	
84	6.000002e-004	5.000000e+000	3.300000e+000	0.000000e+000	
85	6.000002e-004	5.000000e+000	3.300000e+000	0.000000e+000	
86	6.000002e-004	5.000000e+000	3.300000e+000	0.000000e+000	
87	6.000002e-004	5.000000e+000	3.300000e+000	0.000000e+000	
88	6.000002e-004	5.000000e+000	3.300000e+000	0.000000e+000	
89	6.000002e-004	5.000000e+000	3.300000e+000	0.000000e+000	
90	6.000002e-004	5.000000e+000	3.300000e+000	0.000000e+000	
91	6.000002e-004	5.000000e+000	3.300000e+000	0.000000e+000	
92	6.000002e-004	5.000000e+000	3.300000e+000	0.000000e+000	
93	6.000002e-004	5.000000e+000	3.300000e+000	0.000000e+000	
94	6.000003e-004	5.000000e+000	3.300000e+000	0.000000e+000	
95	6.000003e-004	5.000000e+000	3.300000e+000	0.000000e+000	
96	6.000003e-004	5.000000e+000	3.300000e+000	0.000000e+000	
97	6.000003e-004	5.000000e+000	3.300000e+000	0.000000e+000	
98	6.000003e-004	5.000000e+000	3.300000e+000	0.000000e+000	
99	6.000003e-004	5.000000e+000	3.300000e+000	0.000000e+000	
100	6.000003e-004	5.000000e+000	3.300000e+000	0.000000e+000	
101	6.000003e-004	5.000000e+000	3.300000e+000	0.000000e+000	
102	6.000003e-004	5.000000e+000	3.300000e+000	0.000000e+000	
103	6.000003e-004	5.000000e+000	3.300000e+000	0.000000e+000	
104	6.000003e-004	5.000000e+000	3.300000e+000	0.000000e+000	
105	6.000003e-004	5.000000e+000	3.300000e+000	0.000000e+000	
106	6.000003e-004	5.000000e+000	3.300000e+000	0.000000e+000	
107	6.000003e-004	5.000000e+000	3.300000e+000	0.000000e+000	
108	6.000003e-004	5.000000e+000	3.300000e+000	0.000000e+000	
109	6.000003e-004	5.000000e+000	3.300000e+000	0.000000e+000	
110	6.000003e-004	5.000000e+000	3.300000e+000	0.000000e+000	
111	6.000003e-004	5.000000e+000	3.300000e+000	0.000000e+000	
112	6.000003e-004	5.000000e+000	3.300000e+000	0.000000e+000	

Index   time            net-_xm1-pad1_  net-_xm1-pad2_  net-_xm2-pad2_  
--------------------------------------------------------------------------------
113	6.000003e-004	5.000000e+000	3.300000e+000	0.000000e+000	
114	6.000003e-004	5.000000e+000	3.300000e+000	0.000000e+000	
115	6.000003e-004	5.000000e+000	3.300000e+000	0.000000e+000	
116	6.000003e-004	5.000000e+000	3.300000e+000	0.000000e+000	
117	6.000003e-004	5.000000e+000	3.300000e+000	0.000000e+000	
118	6.000003e-004	5.000000e+000	3.300000e+000	0.000000e+000	
119	6.000003e-004	5.000000e+000	3.300000e+000	0.000000e+000	
120	6.000003e-004	5.000000e+000	3.300000e+000	0.000000e+000	
121	6.000003e-004	5.000000e+000	3.300000e+000	0.000000e+000	
122	6.000003e-004	5.000000e+000	3.300000e+000	0.000000e+000	
123	6.000003e-004	5.000000e+000	3.300000e+000	0.000000e+000	
124	6.000003e-004	5.000000e+000	3.300000e+000	0.000000e+000	
125	6.000003e-004	5.000000e+000	3.300000e+000	0.000000e+000	
126	6.000003e-004	5.000000e+000	3.300000e+000	0.000000e+000	
127	6.000003e-004	5.000000e+000	3.300000e+000	0.000000e+000	
128	6.000003e-004	5.000000e+000	3.300000e+000	0.000000e+000	
129	6.000003e-004	5.000000e+000	3.300000e+000	0.000000e+000	
130	6.000003e-004	5.000000e+000	3.300000e+000	0.000000e+000	
131	6.000003e-004	5.000000e+000	3.300000e+000	0.000000e+000	
132	6.000003e-004	5.000000e+000	3.300000e+000	0.000000e+000	
133	6.000003e-004	5.000000e+000	3.300000e+000	0.000000e+000	
134	6.000004e-004	5.000000e+000	3.300000e+000	0.000000e+000	
135	6.000005e-004	5.000000e+000	3.300000e+000	0.000000e+000	
136	6.000007e-004	5.000000e+000	3.300000e+000	0.000000e+000	
137	6.000011e-004	5.000000e+000	3.300000e+000	0.000000e+000	
138	6.000020e-004	5.000000e+000	3.300000e+000	0.000000e+000	
139	6.000036e-004	5.000000e+000	3.300000e+000	0.000000e+000	
140	6.000070e-004	5.000000e+000	3.300000e+000	0.000000e+000	
141	6.000137e-004	5.000000e+000	3.300000e+000	0.000000e+000	
142	6.000271e-004	5.000000e+000	3.300000e+000	0.000000e+000	
143	6.000540e-004	5.000000e+000	3.300000e+000	0.000000e+000	
144	6.001077e-004	5.000000e+000	3.300000e+000	0.000000e+000	
145	6.002150e-004	5.000000e+000	3.300000e+000	0.000000e+000	
146	6.004298e-004	5.000000e+000	3.300000e+000	0.000000e+000	
147	6.008593e-004	5.000000e+000	3.300000e+000	0.000000e+000	
148	6.017183e-004	5.000000e+000	3.300000e+000	0.000000e+000	
149	6.034363e-004	5.000000e+000	3.300000e+000	0.000000e+000	
150	6.068722e-004	5.000000e+000	3.300000e+000	0.000000e+000	
151	6.137442e-004	5.000000e+000	3.300000e+000	0.000000e+000	
152	6.274881e-004	5.000000e+000	3.300000e+000	0.000000e+000	
153	6.474881e-004	5.000000e+000	3.300000e+000	0.000000e+000	
154	6.674881e-004	5.000000e+000	3.300000e+000	0.000000e+000	
155	6.874881e-004	5.000000e+000	3.300000e+000	0.000000e+000	
156	7.074881e-004	5.000000e+000	3.300000e+000	0.000000e+000	
157	7.274881e-004	5.000000e+000	3.300000e+000	0.000000e+000	
158	7.474881e-004	5.000000e+000	3.300000e+000	0.000000e+000	
159	7.674881e-004	5.000000e+000	3.300000e+000	0.000000e+000	
160	7.874881e-004	5.000000e+000	3.300000e+000	0.000000e+000	
161	8.074881e-004	5.000000e+000	3.300000e+000	0.000000e+000	
162	8.274881e-004	5.000000e+000	3.300000e+000	0.000000e+000	
163	8.474881e-004	5.000000e+000	3.300000e+000	0.000000e+000	
164	8.674881e-004	5.000000e+000	3.300000e+000	0.000000e+000	
165	8.874881e-004	5.000000e+000	3.300000e+000	0.000000e+000	
166	9.074881e-004	5.000000e+000	3.300000e+000	0.000000e+000	
167	9.274881e-004	5.000000e+000	3.300000e+000	0.000000e+000	
168	9.474881e-004	5.000000e+000	3.300000e+000	0.000000e+000	
169	9.674881e-004	5.000000e+000	3.300000e+000	0.000000e+000	
170	9.874881e-004	5.000000e+000	3.300000e+000	0.000000e+000	

Index   time            net-_xm1-pad1_  net-_xm1-pad2_  net-_xm2-pad2_  
--------------------------------------------------------------------------------
171	1.000000e-003	5.000000e+000	3.300000e+000	0.000000e+000	

           * e:\esim\hackathon_charge_pump\hackathon_charge_pump.cir
           Transient Analysis  Sat Nov 02 01:25:41  2024
--------------------------------------------------------------------------------
Index   time            net-_xm3-pad2_  net-_xm4-pad2_  output_port     
--------------------------------------------------------------------------------
0	0.000000e+000	3.300000e+000	0.000000e+000	2.392878e-002	
1	1.000000e-007	3.300000e+000	0.000000e+000	2.392878e-002	
2	2.000000e-007	3.300000e+000	0.000000e+000	2.392878e-002	
3	4.000000e-007	3.300000e+000	0.000000e+000	2.392878e-002	
4	8.000000e-007	3.300000e+000	0.000000e+000	2.392878e-002	
5	1.600000e-006	3.300000e+000	0.000000e+000	2.392878e-002	
6	3.200000e-006	3.300000e+000	0.000000e+000	2.392878e-002	
7	6.400000e-006	3.300000e+000	0.000000e+000	2.392878e-002	
8	1.280000e-005	3.300000e+000	0.000000e+000	2.392878e-002	
9	2.560000e-005	3.300000e+000	0.000000e+000	2.392878e-002	
10	4.560000e-005	3.300000e+000	0.000000e+000	2.392878e-002	
11	6.560000e-005	3.300000e+000	0.000000e+000	2.392878e-002	
12	8.560000e-005	3.300000e+000	0.000000e+000	2.392878e-002	
13	1.056000e-004	3.300000e+000	0.000000e+000	2.392878e-002	
14	1.256000e-004	3.300000e+000	0.000000e+000	2.392878e-002	
15	1.456000e-004	3.300000e+000	0.000000e+000	2.392878e-002	
16	1.656000e-004	3.300000e+000	0.000000e+000	2.392878e-002	
17	1.856000e-004	3.300000e+000	0.000000e+000	2.392878e-002	
18	2.056000e-004	3.300000e+000	0.000000e+000	2.392878e-002	
19	2.256000e-004	3.300000e+000	0.000000e+000	2.392878e-002	
20	2.456000e-004	3.300000e+000	0.000000e+000	2.392878e-002	
21	2.656000e-004	3.300000e+000	0.000000e+000	2.392878e-002	
22	2.856000e-004	3.300000e+000	0.000000e+000	2.392878e-002	
23	3.056000e-004	3.300000e+000	0.000000e+000	2.392878e-002	
24	3.256000e-004	3.300000e+000	0.000000e+000	2.392878e-002	
25	3.456000e-004	3.300000e+000	0.000000e+000	2.392878e-002	
26	3.656000e-004	3.300000e+000	0.000000e+000	2.392878e-002	
27	3.856000e-004	3.300000e+000	0.000000e+000	2.392878e-002	
28	4.056000e-004	3.300000e+000	0.000000e+000	2.392878e-002	
29	4.256000e-004	3.300000e+000	0.000000e+000	2.392878e-002	
30	4.456000e-004	3.300000e+000	0.000000e+000	2.392878e-002	
31	4.656000e-004	3.300000e+000	0.000000e+000	2.392878e-002	
32	4.856000e-004	3.300000e+000	0.000000e+000	2.392878e-002	
33	5.000000e-004	3.300000e+000	0.000000e+000	2.392878e-002	
34	5.000000e-004	2.970000e+000	3.300000e-001	2.392878e-002	
35	5.000000e-004	2.310000e+000	9.900000e-001	2.392878e-002	
36	5.000001e-004	9.900000e-001	2.310000e+000	2.392878e-002	
37	5.000001e-004	0.000000e+000	3.300000e+000	2.392878e-002	
38	5.000001e-004	0.000000e+000	3.300000e+000	2.392878e-002	
39	5.000001e-004	0.000000e+000	3.300000e+000	2.392878e-002	
40	5.000001e-004	0.000000e+000	3.300000e+000	2.392878e-002	
41	5.000002e-004	0.000000e+000	3.300000e+000	2.392878e-002	
42	5.000003e-004	0.000000e+000	3.300000e+000	2.392878e-002	
43	5.000005e-004	0.000000e+000	3.300000e+000	2.392878e-002	
44	5.000008e-004	0.000000e+000	3.300000e+000	2.392878e-002	
45	5.000016e-004	0.000000e+000	3.300000e+000	2.392878e-002	
46	5.000031e-004	0.000000e+000	3.300000e+000	2.392878e-002	
47	5.000060e-004	0.000000e+000	3.300000e+000	2.392878e-002	
48	5.000119e-004	0.000000e+000	3.300000e+000	2.392878e-002	
49	5.000238e-004	0.000000e+000	3.300000e+000	2.392878e-002	
50	5.000475e-004	0.000000e+000	3.300000e+000	2.392878e-002	
51	5.000949e-004	0.000000e+000	3.300000e+000	2.392878e-002	
52	5.001896e-004	0.000000e+000	3.300000e+000	2.392878e-002	
53	5.003791e-004	0.000000e+000	3.300000e+000	2.392878e-002	
54	5.007581e-004	0.000000e+000	3.300000e+000	2.392878e-002	

Index   time            net-_xm3-pad2_  net-_xm4-pad2_  output_port     
--------------------------------------------------------------------------------
55	5.015161e-004	0.000000e+000	3.300000e+000	2.392878e-002	
56	5.030322e-004	0.000000e+000	3.300000e+000	2.392878e-002	
57	5.060643e-004	0.000000e+000	3.300000e+000	2.392878e-002	
58	5.121284e-004	0.000000e+000	3.300000e+000	2.392878e-002	
59	5.242567e-004	0.000000e+000	3.300000e+000	2.392878e-002	
60	5.442567e-004	0.000000e+000	3.300000e+000	2.392878e-002	
61	5.642567e-004	0.000000e+000	3.300000e+000	2.392878e-002	
62	5.842567e-004	0.000000e+000	3.300000e+000	2.392878e-002	
63	6.000001e-004	1.341700e-009	3.300000e+000	2.392878e-002	
64	6.000001e-004	3.300000e-001	2.970000e+000	2.392878e-002	
65	6.000001e-004	9.900000e-001	2.310000e+000	2.392878e-002	
66	6.000002e-004	2.310000e+000	9.900000e-001	2.392878e-002	
67	6.000002e-004	3.300000e+000	0.000000e+000	2.392878e-002	
68	6.000002e-004	3.300000e+000	0.000000e+000	2.392878e-002	
69	6.000002e-004	3.300000e+000	0.000000e+000	2.392878e-002	
70	6.000002e-004	3.300000e+000	0.000000e+000	2.392878e-002	
71	6.000002e-004	3.300000e+000	0.000000e+000	2.392878e-002	
72	6.000002e-004	3.300000e+000	0.000000e+000	2.392878e-002	
73	6.000002e-004	3.300000e+000	0.000000e+000	2.392878e-002	
74	6.000002e-004	3.300000e+000	0.000000e+000	2.392878e-002	
75	6.000002e-004	3.300000e+000	0.000000e+000	2.392878e-002	
76	6.000002e-004	3.300000e+000	0.000000e+000	2.392878e-002	
77	6.000002e-004	3.300000e+000	0.000000e+000	2.392878e-002	
78	6.000002e-004	3.300000e+000	0.000000e+000	2.392878e-002	
79	6.000002e-004	3.300000e+000	0.000000e+000	2.392878e-002	
80	6.000002e-004	3.300000e+000	0.000000e+000	2.392878e-002	
81	6.000002e-004	3.300000e+000	0.000000e+000	2.392878e-002	
82	6.000002e-004	3.300000e+000	0.000000e+000	2.392878e-002	
83	6.000002e-004	3.300000e+000	0.000000e+000	2.392878e-002	
84	6.000002e-004	3.300000e+000	0.000000e+000	2.392878e-002	
85	6.000002e-004	3.300000e+000	0.000000e+000	2.392878e-002	
86	6.000002e-004	3.300000e+000	0.000000e+000	2.392878e-002	
87	6.000002e-004	3.300000e+000	0.000000e+000	2.392878e-002	
88	6.000002e-004	3.300000e+000	0.000000e+000	2.392878e-002	
89	6.000002e-004	3.300000e+000	0.000000e+000	2.392878e-002	
90	6.000002e-004	3.300000e+000	0.000000e+000	2.392878e-002	
91	6.000002e-004	3.300000e+000	0.000000e+000	2.392878e-002	
92	6.000002e-004	3.300000e+000	0.000000e+000	2.392878e-002	
93	6.000002e-004	3.300000e+000	0.000000e+000	2.392878e-002	
94	6.000003e-004	3.300000e+000	0.000000e+000	2.392878e-002	
95	6.000003e-004	3.300000e+000	0.000000e+000	2.392878e-002	
96	6.000003e-004	3.300000e+000	0.000000e+000	2.392878e-002	
97	6.000003e-004	3.300000e+000	0.000000e+000	2.392878e-002	
98	6.000003e-004	3.300000e+000	0.000000e+000	2.392878e-002	
99	6.000003e-004	3.300000e+000	0.000000e+000	2.392878e-002	
100	6.000003e-004	3.300000e+000	0.000000e+000	2.392878e-002	
101	6.000003e-004	3.300000e+000	0.000000e+000	2.392878e-002	
102	6.000003e-004	3.300000e+000	0.000000e+000	2.392878e-002	
103	6.000003e-004	3.300000e+000	0.000000e+000	2.392878e-002	
104	6.000003e-004	3.300000e+000	0.000000e+000	2.392878e-002	
105	6.000003e-004	3.300000e+000	0.000000e+000	2.392878e-002	
106	6.000003e-004	3.300000e+000	0.000000e+000	2.392878e-002	
107	6.000003e-004	3.300000e+000	0.000000e+000	2.392878e-002	
108	6.000003e-004	3.300000e+000	0.000000e+000	2.392878e-002	
109	6.000003e-004	3.300000e+000	0.000000e+000	2.392878e-002	
110	6.000003e-004	3.300000e+000	0.000000e+000	2.392878e-002	
111	6.000003e-004	3.300000e+000	0.000000e+000	2.392878e-002	
112	6.000003e-004	3.300000e+000	0.000000e+000	2.392878e-002	

Index   time            net-_xm3-pad2_  net-_xm4-pad2_  output_port     
--------------------------------------------------------------------------------
113	6.000003e-004	3.300000e+000	0.000000e+000	2.392878e-002	
114	6.000003e-004	3.300000e+000	0.000000e+000	2.392878e-002	
115	6.000003e-004	3.300000e+000	0.000000e+000	2.392878e-002	
116	6.000003e-004	3.300000e+000	0.000000e+000	2.392878e-002	
117	6.000003e-004	3.300000e+000	0.000000e+000	2.392878e-002	
118	6.000003e-004	3.300000e+000	0.000000e+000	2.392878e-002	
119	6.000003e-004	3.300000e+000	0.000000e+000	2.392878e-002	
120	6.000003e-004	3.300000e+000	0.000000e+000	2.392878e-002	
121	6.000003e-004	3.300000e+000	0.000000e+000	2.392878e-002	
122	6.000003e-004	3.300000e+000	0.000000e+000	2.392878e-002	
123	6.000003e-004	3.300000e+000	0.000000e+000	2.392878e-002	
124	6.000003e-004	3.300000e+000	0.000000e+000	2.392878e-002	
125	6.000003e-004	3.300000e+000	0.000000e+000	2.392878e-002	
126	6.000003e-004	3.300000e+000	0.000000e+000	2.392878e-002	
127	6.000003e-004	3.300000e+000	0.000000e+000	2.392878e-002	
128	6.000003e-004	3.300000e+000	0.000000e+000	2.392878e-002	
129	6.000003e-004	3.300000e+000	0.000000e+000	2.392878e-002	
130	6.000003e-004	3.300000e+000	0.000000e+000	2.392878e-002	
131	6.000003e-004	3.300000e+000	0.000000e+000	2.392878e-002	
132	6.000003e-004	3.300000e+000	0.000000e+000	2.392878e-002	
133	6.000003e-004	3.300000e+000	0.000000e+000	2.392878e-002	
134	6.000004e-004	3.300000e+000	0.000000e+000	2.392878e-002	
135	6.000005e-004	3.300000e+000	0.000000e+000	2.392878e-002	
136	6.000007e-004	3.300000e+000	0.000000e+000	2.392878e-002	
137	6.000011e-004	3.300000e+000	0.000000e+000	2.392878e-002	
138	6.000020e-004	3.300000e+000	0.000000e+000	2.392878e-002	
139	6.000036e-004	3.300000e+000	0.000000e+000	2.392878e-002	
140	6.000070e-004	3.300000e+000	0.000000e+000	2.392878e-002	
141	6.000137e-004	3.300000e+000	0.000000e+000	2.392878e-002	
142	6.000271e-004	3.300000e+000	0.000000e+000	2.392878e-002	
143	6.000540e-004	3.300000e+000	0.000000e+000	2.392878e-002	
144	6.001077e-004	3.300000e+000	0.000000e+000	2.392878e-002	
145	6.002150e-004	3.300000e+000	0.000000e+000	2.392878e-002	
146	6.004298e-004	3.300000e+000	0.000000e+000	2.392878e-002	
147	6.008593e-004	3.300000e+000	0.000000e+000	2.392878e-002	
148	6.017183e-004	3.300000e+000	0.000000e+000	2.392878e-002	
149	6.034363e-004	3.300000e+000	0.000000e+000	2.392878e-002	
150	6.068722e-004	3.300000e+000	0.000000e+000	2.392878e-002	
151	6.137442e-004	3.300000e+000	0.000000e+000	2.392878e-002	
152	6.274881e-004	3.300000e+000	0.000000e+000	2.392878e-002	
153	6.474881e-004	3.300000e+000	0.000000e+000	2.392878e-002	
154	6.674881e-004	3.300000e+000	0.000000e+000	2.392878e-002	
155	6.874881e-004	3.300000e+000	0.000000e+000	2.392878e-002	
156	7.074881e-004	3.300000e+000	0.000000e+000	2.392878e-002	
157	7.274881e-004	3.300000e+000	0.000000e+000	2.392878e-002	
158	7.474881e-004	3.300000e+000	0.000000e+000	2.392878e-002	
159	7.674881e-004	3.300000e+000	0.000000e+000	2.392878e-002	
160	7.874881e-004	3.300000e+000	0.000000e+000	2.392878e-002	
161	8.074881e-004	3.300000e+000	0.000000e+000	2.392878e-002	
162	8.274881e-004	3.300000e+000	0.000000e+000	2.392878e-002	
163	8.474881e-004	3.300000e+000	0.000000e+000	2.392878e-002	
164	8.674881e-004	3.300000e+000	0.000000e+000	2.392878e-002	
165	8.874881e-004	3.300000e+000	0.000000e+000	2.392878e-002	
166	9.074881e-004	3.300000e+000	0.000000e+000	2.392878e-002	
167	9.274881e-004	3.300000e+000	0.000000e+000	2.392878e-002	
168	9.474881e-004	3.300000e+000	0.000000e+000	2.392878e-002	
169	9.674881e-004	3.300000e+000	0.000000e+000	2.392878e-002	
170	9.874881e-004	3.300000e+000	0.000000e+000	2.392878e-002	

Index   time            net-_xm3-pad2_  net-_xm4-pad2_  output_port     
--------------------------------------------------------------------------------
171	1.000000e-003	3.300000e+000	0.000000e+000	2.392878e-002	

           * e:\esim\hackathon_charge_pump\hackathon_charge_pump.cir
           Transient Analysis  Sat Nov 02 01:25:41  2024
--------------------------------------------------------------------------------
Index   time            sky130_fd_pr__e 
--------------------------------------------------------------------------------
0	0.000000e+000	0.000000e+000	
1	1.000000e-007	0.000000e+000	
2	2.000000e-007	0.000000e+000	
3	4.000000e-007	0.000000e+000	
4	8.000000e-007	0.000000e+000	
5	1.600000e-006	0.000000e+000	
6	3.200000e-006	0.000000e+000	
7	6.400000e-006	0.000000e+000	
8	1.280000e-005	0.000000e+000	
9	2.560000e-005	0.000000e+000	
10	4.560000e-005	0.000000e+000	
11	6.560000e-005	0.000000e+000	
12	8.560000e-005	0.000000e+000	
13	1.056000e-004	0.000000e+000	
14	1.256000e-004	0.000000e+000	
15	1.456000e-004	0.000000e+000	
16	1.656000e-004	0.000000e+000	
17	1.856000e-004	0.000000e+000	
18	2.056000e-004	0.000000e+000	
19	2.256000e-004	0.000000e+000	
20	2.456000e-004	0.000000e+000	
21	2.656000e-004	0.000000e+000	
22	2.856000e-004	0.000000e+000	
23	3.056000e-004	0.000000e+000	
24	3.256000e-004	0.000000e+000	
25	3.456000e-004	0.000000e+000	
26	3.656000e-004	0.000000e+000	
27	3.856000e-004	0.000000e+000	
28	4.056000e-004	0.000000e+000	
29	4.256000e-004	0.000000e+000	
30	4.456000e-004	0.000000e+000	
31	4.656000e-004	0.000000e+000	
32	4.856000e-004	0.000000e+000	
33	5.000000e-004	0.000000e+000	
34	5.000000e-004	0.000000e+000	
35	5.000000e-004	0.000000e+000	
36	5.000001e-004	0.000000e+000	
37	5.000001e-004	0.000000e+000	
38	5.000001e-004	0.000000e+000	
39	5.000001e-004	0.000000e+000	
40	5.000001e-004	0.000000e+000	
41	5.000002e-004	0.000000e+000	
42	5.000003e-004	0.000000e+000	
43	5.000005e-004	0.000000e+000	
44	5.000008e-004	0.000000e+000	
45	5.000016e-004	0.000000e+000	
46	5.000031e-004	0.000000e+000	
47	5.000060e-004	0.000000e+000	
48	5.000119e-004	0.000000e+000	
49	5.000238e-004	0.000000e+000	
50	5.000475e-004	0.000000e+000	
51	5.000949e-004	0.000000e+000	
52	5.001896e-004	0.000000e+000	
53	5.003791e-004	0.000000e+000	
54	5.007581e-004	0.000000e+000	

Index   time            sky130_fd_pr__e 
--------------------------------------------------------------------------------
55	5.015161e-004	0.000000e+000	
56	5.030322e-004	0.000000e+000	
57	5.060643e-004	0.000000e+000	
58	5.121284e-004	0.000000e+000	
59	5.242567e-004	0.000000e+000	
60	5.442567e-004	0.000000e+000	
61	5.642567e-004	0.000000e+000	
62	5.842567e-004	0.000000e+000	
63	6.000001e-004	0.000000e+000	
64	6.000001e-004	0.000000e+000	
65	6.000001e-004	0.000000e+000	
66	6.000002e-004	0.000000e+000	
67	6.000002e-004	0.000000e+000	
68	6.000002e-004	0.000000e+000	
69	6.000002e-004	0.000000e+000	
70	6.000002e-004	0.000000e+000	
71	6.000002e-004	0.000000e+000	
72	6.000002e-004	0.000000e+000	
73	6.000002e-004	0.000000e+000	
74	6.000002e-004	0.000000e+000	
75	6.000002e-004	0.000000e+000	
76	6.000002e-004	0.000000e+000	
77	6.000002e-004	0.000000e+000	
78	6.000002e-004	0.000000e+000	
79	6.000002e-004	0.000000e+000	
80	6.000002e-004	0.000000e+000	
81	6.000002e-004	0.000000e+000	
82	6.000002e-004	0.000000e+000	
83	6.000002e-004	0.000000e+000	
84	6.000002e-004	0.000000e+000	
85	6.000002e-004	0.000000e+000	
86	6.000002e-004	0.000000e+000	
87	6.000002e-004	0.000000e+000	
88	6.000002e-004	0.000000e+000	
89	6.000002e-004	0.000000e+000	
90	6.000002e-004	0.000000e+000	
91	6.000002e-004	0.000000e+000	
92	6.000002e-004	0.000000e+000	
93	6.000002e-004	0.000000e+000	
94	6.000003e-004	0.000000e+000	
95	6.000003e-004	0.000000e+000	
96	6.000003e-004	0.000000e+000	
97	6.000003e-004	0.000000e+000	
98	6.000003e-004	0.000000e+000	
99	6.000003e-004	0.000000e+000	
100	6.000003e-004	0.000000e+000	
101	6.000003e-004	0.000000e+000	
102	6.000003e-004	0.000000e+000	
103	6.000003e-004	0.000000e+000	
104	6.000003e-004	0.000000e+000	
105	6.000003e-004	0.000000e+000	
106	6.000003e-004	0.000000e+000	
107	6.000003e-004	0.000000e+000	
108	6.000003e-004	0.000000e+000	
109	6.000003e-004	0.000000e+000	
110	6.000003e-004	0.000000e+000	
111	6.000003e-004	0.000000e+000	
112	6.000003e-004	0.000000e+000	

Index   time            sky130_fd_pr__e 
--------------------------------------------------------------------------------
113	6.000003e-004	0.000000e+000	
114	6.000003e-004	0.000000e+000	
115	6.000003e-004	0.000000e+000	
116	6.000003e-004	0.000000e+000	
117	6.000003e-004	0.000000e+000	
118	6.000003e-004	0.000000e+000	
119	6.000003e-004	0.000000e+000	
120	6.000003e-004	0.000000e+000	
121	6.000003e-004	0.000000e+000	
122	6.000003e-004	0.000000e+000	
123	6.000003e-004	0.000000e+000	
124	6.000003e-004	0.000000e+000	
125	6.000003e-004	0.000000e+000	
126	6.000003e-004	0.000000e+000	
127	6.000003e-004	0.000000e+000	
128	6.000003e-004	0.000000e+000	
129	6.000003e-004	0.000000e+000	
130	6.000003e-004	0.000000e+000	
131	6.000003e-004	0.000000e+000	
132	6.000003e-004	0.000000e+000	
133	6.000003e-004	0.000000e+000	
134	6.000004e-004	0.000000e+000	
135	6.000005e-004	0.000000e+000	
136	6.000007e-004	0.000000e+000	
137	6.000011e-004	0.000000e+000	
138	6.000020e-004	0.000000e+000	
139	6.000036e-004	0.000000e+000	
140	6.000070e-004	0.000000e+000	
141	6.000137e-004	0.000000e+000	
142	6.000271e-004	0.000000e+000	
143	6.000540e-004	0.000000e+000	
144	6.001077e-004	0.000000e+000	
145	6.002150e-004	0.000000e+000	
146	6.004298e-004	0.000000e+000	
147	6.008593e-004	0.000000e+000	
148	6.017183e-004	0.000000e+000	
149	6.034363e-004	0.000000e+000	
150	6.068722e-004	0.000000e+000	
151	6.137442e-004	0.000000e+000	
152	6.274881e-004	0.000000e+000	
153	6.474881e-004	0.000000e+000	
154	6.674881e-004	0.000000e+000	
155	6.874881e-004	0.000000e+000	
156	7.074881e-004	0.000000e+000	
157	7.274881e-004	0.000000e+000	
158	7.474881e-004	0.000000e+000	
159	7.674881e-004	0.000000e+000	
160	7.874881e-004	0.000000e+000	
161	8.074881e-004	0.000000e+000	
162	8.274881e-004	0.000000e+000	
163	8.474881e-004	0.000000e+000	
164	8.674881e-004	0.000000e+000	
165	8.874881e-004	0.000000e+000	
166	9.074881e-004	0.000000e+000	
167	9.274881e-004	0.000000e+000	
168	9.474881e-004	0.000000e+000	
169	9.674881e-004	0.000000e+000	
170	9.874881e-004	0.000000e+000	

Index   time            sky130_fd_pr__e 
--------------------------------------------------------------------------------
171	1.000000e-003	0.000000e+000	
